6004
3242
10040
3680
2007
5058
6699
13549
6461
13751
13207
13385
2675
17767
6828
10300
17068
15310
2486
13857
6064
4916
10591
14268
8799
15282
601
16486
16316
12427
2728
5234
2162
14680
1006
16342
10917
9482
1228
17860
6682
9147
5861
18174
17881
15443
16204
15502
5479
6187
4859
6644
9583
13558
8404
15205
17645
14530
13117
8043
5493
10207
4933
8535
222
2748
3856
11566
244
8107
15728
1869
4167
18009
868
4920
5009
7797
4618
17247
631
11139
1639
6611
2909
8687
6444
16421
3925
12938
18121
4962
10024
7496
2665
12195
5259
16026
7747
11987
13528
11522
17236
13972
3042
3557
6000
14236
10748
15707
11027
3805
1445
6390
1192
5548
10930
11541
13083
1316
13143
10562
1795
111
6178
3632
15659
10832
16879
17647
9490
14403
9281
16581
9785
323
10227
7620
199
10866
11364
16420
9187
2595
5538
1309
13260
13846
7281
14005
18725
782
4986
959
5118
9237
176
1507
8188
15355
2144
18319
2612
12278
11656
7169
3746
8421
18495
267
11325
16750
18669
14340
9640
16798
16676
10704
11820
8717
11760
3385
7708
17214
18014
13332
7158
743
5073
9649
8131
5242
13975
9735
248
12755
5366
3170
2019
2279
4475
12372
4530
8661
16971
15917
15166
6932
4060
5279
3292
9476
9956
18602
16690
13544
4541
1304
4020
17150
7746
7745
14703
7761
15250
2506
7756
13002
12990
2891
6321
12880
13777
6968
4124
8720
2982
8010
15936
9372
7542
7512
11876
4263
3967
12076
10997
13870
3537
1602
4845
8445
18698
16448
14793
2718
12974
3294
10039
15117
10371
6362
6192
838
5665
7118
13422
16769
12294
17520
4930
11349
564
17450
14795
696
2315
969
12819
3012
7680
6436
8505
17963
1010
12315
2701
4742
8117
9236
4892
16611
4373
14871
5194
9500
8232
4219
8796
12279
12130
1836
9084
14179
11795
15782
12681
18470
2927
16818
13738
18143
18320
10442
18020
10069
11677
1080
18211
7062
5975
11678
958
5896
6953
10351
14746
5204
4813
15431
11995
18149
12694
18194
14136
18226
2526
9859
590
8307
16385
6347
17378
4911
6560
14133
15969
10925
1007
12935
18116
2347
1985
10095
804
5475
15238
8550
10362
9162
2239
2749
5773
18327
15222
12220
8118
17705
8447
12806
10438
10638
3427
7701
10526
9934
12072
15499
9925
928
16004
5692
12103
493
13657
14709
4192
14450
1853
16147
11836
5311
14845
11403
3861
7790
1660
11315
15799
3531
14375
8186
12229
11029
14041
8479
10380
7579
886
10680
17056
13635
9116
3505
5080
9545
5368
2586
8210
18404
4361
4578
14640
4648
9595
18278
12549
9191
12204
543
2753
9055
13929
7903
8039
10865
10067
11653
13786
4239
6610
6996
15568
12223
12299
16229
13709
3158
13337
17595
4356
7633
7199
3936
9130
18600
10802
6392
10725
15723
9035
5719
10338
16742
11955
2614
12856
12140
1930
1251
12604
1003
15336
7999
8592
13998
12185
14069
10133
3347
15910
5039
18361
16908
2189
144
9875
206
16010
6653
11091
11590
16015
12677
1317
6822
8341
3549
1621
6651
1469
16761
15955
1754
11721
2205
17826
18665
15920
2670
11641
14696
7436
17313
175
20
17137
11568
4495
15119
15794
5527
1325
15509
9886
3149
17395
5753
3047
13177
13618
18102
16529
8745
12769
3235
14965
4897
4104
729
1880
13725
4399
1596
519
2549
12973
13215
10354
3032
18171
4106
4697
16751
6155
4922
9816
2588
12812
17912
13815
7842
725
818
994
14427
467
3875
16796
6463
17017
2227
10830
3810
15451
3431
5287
6024
4514
17096
15497
2638
2207
6172
13781
1618
5881
8630
17482
1675
18387
5464
18421
12291
1321
2505
1625
17089
5273
4821
13887
6421
11144
13342
14576
18260
15913
14132
12966
10389
10014
933
17822
6825
8003
15843
14094
16907
5883
7355
11529
13791
13832
18693
12207
17558
7629
15934
15122
11891
766
15465
13063
9852
12492
4085
1406
16827
13761
16518
13575
12826
10464
18325
9565
9053
11706
11269
9548
12102
7212
756
12213
11318
17791
9022
15053
7102
17741
4334
11486
10892
17589
9337
15315
14414
14363
16596
10290
371
9881
14126
7778
7498
14020
8409
15748
14946
7037
12191
17797
17518
4827
13763
7479
13234
7989
9298
16214
8132
12906
8288
15647
12838
10492
16482
15764
11976
8562
16681
9355
16701
14844
6633
18411
13176
15366
289
6035
9926
14359
4718
17624
12700
16870
17994
1413
13894
12075
4719
11925
15280
18214
13778
6439
7889
2482
15645
4938
12894
10577
7411
14469
3246
6831
16339
7690
5639
9375
3904
7596
9626
16040
10698
15672
4296
16541
13326
13327
2021
13479
15609
7559
10506
18637
6573
9466
6526
18542
207
3900
5847
16850
7990
2461
4642
17851
17230
18666
9843
18674
15234
11707
15160
4565
1786
749
5570
917
11511
10047
2370
11353
3555
2288
12541
12071
9572
2892
4071
8359
3740
13769
16626
12287
6230
16624
3595
1783
9734
6051
14867
9416
4145
10084
1947
6108
8703
7440
10963
11776
17818
13188
13529
5299
9553
6534
5426
12948
3708
17885
8231
10724
17553
15827
15054
2301
7008
8194
12507
196
13658
11505
7215
3173
4964
10950
11620
17655
18029
5370
6659
14847
13806
8103
406
5357
13428
3704
15864
3853
11141
12418
17516
15851
4080
4757
18118
7035
1324
9100
8821
13380
6043
8554
12919
4597
12066
4727
10298
1351
13390
5575
2490
4982
12079
7283
4689
5634
16117
10602
15848
13721
5534
15838
11199
6521
1874
13825
13648
16599
1709
1926
13049
9978
8389
11875
1686
584
3247
11129
14168
17993
11523
13152
15755
12450
7522
14754
14788
5065
5151
6729
18537
17207
2380
9750
15076
11043
14134
13605
11681
3067
12353
16817
10185
16095
13458
9463
15008
12896
6399
1828
8541
14239
1830
15410
6371
16931
3778
10219
6661
9427
14433
5308
12707
11743
5728
17659
15978
17001
3221
16293
18564
889
12218
16733
18056
6515
17455
17902
7741
1653
17213
9673
9837
6787
11437
1358
18501
8460
1680
18684
1008
13551
14365
12245
3541
7334
14197
14598
12116
38
9516
14580
9389
11022
132
6114
6202
6274
16665
6844
18352
7230
331
3365
11627
10689
1450
2540
6838
8335
3333
4121
13514
10712
8144
1595
16174
17453
2300
4497
15521
3521
3114
1166
10484
10968
8104
806
2151
7119
15629
1915
8976
15777
18187
4800
9440
6679
6941
4024
10257
5900
4579
6450
17447
15952
150
3408
5522
6596
16112
507
17060
2959
6377
8664
11062
8498
14192
15484
10738
4693
17579
12265
2784
18285
3594
4300
5049
10331
17401
6234
12263
6115
3210
7105
15486
4066
10859
18126
17344
926
8993
3110
2940
6597
17538
11370
9967
7392
16821
10246
10813
14423
14987
7085
4894
12254
9917
13389
15967
4017
10434
10772
5125
8155
3870
14993
2245
15949
12846
17769
18068
15138
5757
10922
17374
2642
892
6810
9814
3760
9969
909
12686
8693
819
9139
13037
1766
18528
3224
10031
13801
7375
12887
14384
10835
10415
602
7814
5033
1082
14493
5539
2568
4420
824
7530
1109
12059
11326
5937
11542
6097
12113
11165
13868
17753
13247
14968
15564
13414
11540
11394
76
11479
9523
13318
1728
8411
2032
2128
6716
14571
115
15136
6480
17369
9629
14792
12317
10511
11646
6141
8024
16409
2106
9910
634
7241
11019
6326
6382
4688
4245
12402
2596
7909
2522
2592
4732
16121
4523
8681
15791
15447
17620
17944
9314
6078
11763
10453
1161
9936
2972
17519
17720
4179
5977
4806
5618
12642
15428
6789
12888
14708
1857
6144
4588
5344
10763
5351
17010
9269
5346
10048
5490
4838
10753
8281
11384
3699
2125
10700
1212
18142
18739
349
5853
11657
16539
5566
5197
9931
13509
17413
8438
12251
1485
3083
461
14739
5258
1416
1034
14127
4232
11502
11014
15182
15660
12885
8854
12827
5525
8342
7328
2686
8229
4804
18611
16855
18620
11701
18535
154
18151
4832
12167
2329
14588
348
5766
6537
2552
15731
5633
11931
17681
6962
3126
1882
5076
8034
3869
17122
6203
14289
11439
18631
10494
11455
2514
2954
9194
13198
9438
3972
11974
15242
4132
13310
17422
1091
17224
1249
14979
14809
1402
2340
11828
9070
10938
5109
9791
6758
9278
3843
17410
4205
11561
18179
6366
3430
17329
2160
7410
6247
3686
16038
10893
16552
5656
18445
13045
12221
5579
12327
9368
11053
13722
2600
1942
13421
9711
10105
13840
15190
14913
17728
13843
5380
9622
46
18660
8657
3931
9661
15374
256
2228
17679
16203
9094
326
1698
7506
10237
12726
8670
10444
34
10894
13232
3507
5396
12383
12461
11081
18379
3662
4377
2882
3135
15658
17524
14628
7114
9549
7276
3785
2863
2076
13445
11848
13080
4349
16166
11745
14761
408
13552
6136
367
5137
15670
8934
2991
3742
13968
7568
6057
6752
6529
7710
15368
16017
6715
11108
16062
4429
112
17305
3329
15754
12670
18529
14058
4250
13122
11630
12171
4509
18186
6556
3996
17328
2010
9943
5531
16283
14900
9013
5619
17745
3793
716
17264
1190
4544
3721
1295
7713
18303
18406
16326
5830
13409
5454
6878
6632
15786
18050
8173
17243
6386
14705
3572
2939
9212
9348
13512
4210
14836
7409
10147
8553
18112
4330
4478
660
9749
991
6531
7064
16521
17782
12730
3469
6668
8637
14529
6503
3069
15273
16807
4337
5365
10347
10683
6902
5122
12414
10988
11936
1861
7101
10980
2005
16503
3647
9600
9127
15834
7319
1086
17800
2700
306
11648
13979
12564
11449
10740
11374
17638
3840
14951
9862
1264
11488
13371
8714
15089
9224
7601
14990
4388
8588
15633
13903
803
15179
5926
12364
1543
17271
16270
3876
269
17625
5855
17078
3526
6809
4735
11383
14263
2634
1691
2925
13691
11492
13323
14508
11124
13187
6724
572
11380
3824
14301
15133
17
11472
9475
6977
12126
17613
3091
1666
8432
6969
10573
4016
16189
7246
4853
17828
2255
10557
5555
3696
18420
11371
11538
1875
18246
13141
13258
7831
15395
7963
3682
12165
12783
5154
12178
14140
3320
8243
16327
8461
9285
14424
913
7775
7628
18141
12785
8725
6639
1071
916
11288
13488
6751
13093
4841
1240
4064
10828
5886
17322
2550
14940
10481
125
9502
14399
12662
4954
1975
5510
5105
1441
14536
193
6894
8884
6455
5543
6872
4044
17621
15769
10352
16365
2059
6429
3435
18606
5321
4443
16025
12953
5890
8722
5067
12964
13111
5437
11237
17117
1458
11583
4259
553
18541
12478
5302
4473
17500
13257
8272
10171
11365
13534
9688
7081
703
2252
8005
26
17080
3290
15598
3939
1191
17560
5185
7973
544
13450
133
4125
16770
16449
16442
8305
11761
2680
8122
2765
10927
6011
8864
17754
7057
12630
12304
14467
16815
13485
12864
17015
4076
3854
16078
12936
4378
16947
12451
14031
14783
14779
5817
7573
14453
11089
9687
11418
1884
16328
9010
9149
3610
5196
12836
2101
4996
11395
317
17536
17219
18251
11949
8123
9167
11117
3337
5822
2112
15321
13805
5843
15159
6622
13780
6062
18382
7723
3415
14364
6271
6433
77
2978
10161
5971
3116
5430
4122
14474
15725
6316
6773
8638
11241
10780
14114
13453
3412
14300
16100
2664
17245
11304
780
14897
8264
10490
2070
3440
12214
3363
9320
10874
4993
4743
14988
5300
12792
15973
7068
6799
18096
7384
11266
16047
1545
3289
955
5349
8367
6851
11855
8873
13610
7301
6738
5245
2241
860
13400
1954
6818
6013
11381
15144
18414
700
9627
13471
1421
6457
6634
17268
14316
14715
15333
7176
13698
8618
6994
4519
9715
12808
12398
8568
15364
692
11246
1682
44
9947
129
14877
10144
18208
16825
16245
5417
8248
528
7833
15533
13944
17718
5050
15058
7917
13586
10605
3738
12767
18478
3993
6771
10211
15473
5173
2476
7509
3552
19
15060
12375
9514
18395
16276
7734
15105
3674
1962
9520
10271
14803
17888
14386
3510
13075
2629
10393
18680
14460
5781
55
161
14327
17152
5045
3150
1425
12108
9879
18721
7178
15870
3201
2598
13349
6184
7017
372
2984
5383
7429
16216
4767
750
4173
16050
12132
5138
2979
17037
5862
12753
2744
11824
745
16979
4885
12455
8803
13949
12002
7433
12163
10787
13127
14089
12252
5979
13579
8773
13092
2874
16111
4971
7389
13219
6021
5871
17950
6544
9156
1821
10180
10381
13531
11346
3564
2198
16540
4695
10931
11919
5551
2534
12351
10648
13090
3694
15625
11574
9997
4084
8353
15871
14693
9478
6626
11330
4454
16199
17997
15470
14616
14878
7202
17503
13123
3804
1247
4899
11553
8726
5503
15766
4405
17342
1382
4876
8442
10569
3747
16029
9454
15129
16820
15236
648
10827
3142
6640
10312
12476
8040
5995
5144
18266
18479
3287
980
8259
6543
11724
12554
15614
5559
6676
8448
9800
4706
14608
17757
18372
9849
7805
7437
1451
6237
10452
17092
3973
16007
6893
13432
17974
15096
7913
13828
15987
10046
10385
12467
13607
1714
6233
18328
14016
1858
5614
3039
12538
4846
6151
15514
14431
7794
863
6693
13201
12131
5013
14942
1248
1481
3878
12460
14511
4207
11911
9652
5742
12491
5286
11695
15603
1106
17766
7523
18467
1046
6575
16534
18255
12595
14376
17868
11474
5541
151
177
7876
9845
11593
17846
17880
11161
5616
14006
15774
7738
12046
15448
17389
212
4772
17526
7051
4614
7447
16182
12539
251
1055
16142
4655
4789
16601
1211
332
3029
5878
10969
6401
6673
2827
10649
18343
13538
17917
16380
7196
17165
6572
2183
1771
16863
3297
4847
13770
12031
7688
15327
12841
744
2431
16314
9946
11759
2145
4346
13959
1706
2404
15268
12918
17480
15134
14171
10558
1881
4552
15927
11618
13210
4952
10019
13634
3364
15724
18229
13246
14304
17359
10583
16719
16337
17160
300
15354
14099
13909
13554
14856
13654
7595
13245
13309
9689
460
18258
15477
8648
11468
3502
9065
8112
3806
9353
7581
14357
14258
15130
13784
5882
9378
13572
5829
127
4786
6958
625
17918
17025
10305
11527
5786
4201
7666
9157
6102
11443
16123
1663
708
18572
7223
5326
7693
1646
16310
17105
8751
6295
10735
1847
3653
1124
13824
1563
9030
8076
18425
10398
3300
14661
10614
3720
1457
15983
11302
9264
5965
6282
12182
10812
13419
9616
2025
3068
10932
18281
17288
6500
14970
565
7340
6289
1979
12160
2676
7103
18252
17599
2385
16273
11737
17750
7540
5659
10097
7864
17932
3202
9146
15362
13403
12205
7993
644
8435
13171
15638
6149
11397
8466
966
10834
8014
2571
6961
12518
826
14686
3979
2971
16990
6415
5439
11528
5803
11645
1677
14049
3124
9850
8572
6614
9493
14286
1216
9494
14448
4265
18027
66
12867
4860
3252
15009
1492
15100
12994
4893
16181
11265
5171
16115
7108
18305
7827
3579
11076
13851
16434
18331
13760
2414
2631
5610
4339
3400
3200
4309
12107
7482
8813
1559
6469
11945
12524
5961
17664
5798
10497
4018
13227
11068
12468
6702
8266
6304
7135
6995
8446
18200
12341
104
14121
7843
14022
12527
12533
14328
8527
6680
8865
14656
11569
4865
17476
659
6119
4840
5711
936
11508
15377
6820
5528
3639
14118
1604
7824
16145
1049
3011
14740
9695
13136
17440
11874
14614
16675
3258
13589
5994
9465
17269
18629
16048
3874
5353
15476
10814
14785
13423
3952
2452
17259
2097
10244
3589
10708
3831
8332
14492
11174
15929
18686
8502
16802
15361
5897
9796
11084
16042
17512
1364
10523
10378
6914
2345
12917
9732
6742
14699
15235
4866
17626
18544
5893
16119
14527
15534
667
6129
8789
10168
6121
14413
5373
877
10216
453
16162
11862
4141
5240
2760
13501
14485
15027
16368
12241
12855
12750
9901
7753
12754
18366
8973
9289
4005
13655
11147
8256
17484
18049
4243
17972
1952
12194
13244
12934
10996
16713
12389
16934
14676
15405
12923
853
17650
13593
17131
6120
15221
211
1255
3296
1390
10213
8371
18334
5307
6609
6325
15272
13904
10201
7109
7938
16501
7145
17064
8869
10190
13384
15594
10594
17616
5038
458
5699
11051
17543
18132
10525
14648
7122
7916
9346
16212
7904
12955
2770
9270
7591
8509
1648
16718
8296
13253
6857
16180
759
3935
4394
7883
8970
15330
5078
18412
15627
14869
13165
2272
18375
1322
6486
2713
8033
18498
18180
13131
5060
9031
823
4194
2304
6756
3666
11262
12060
9987
606
6162
1823
15797
17309
16884
16447
15615
525
5523
17798
3514
7400
18273
2691
3166
8845
3458
1907
3494
10809
17680
3085
17821
997
6832
10742
17692
12217
6312
14452
15945
13195
2261
22
12466
15981
18140
16852
9023
3911
11545
8477
409
18218
4791
10548
1933
4595
11026
13500
3217
1335
7644
15744
17006
11176
3601
16800
3393
17965
4128
311
2674
2335
8363
1123
2181
9271
13942
7473
919
18604
14885
4081
12123
2546
12516
1462
7285
10261
17747
665
719
16378
14573
2402
8485
4748
5655
11921
8909
3921
3928
14275
13826
5170
10918
9029
10430
12652
9381
3366
3841
2936
130
7845
14223
4928
10063
5802
16209
953
9971
17508
14250
7441
1765
735
4251
13967
6909
12449
7080
9653
16415
4159
14599
12741
2153
9529
10796
1197
11306
1720
5836
2268
13096
2604
5746
9560
15878
10552
12471
12745
11126
18369
1957
12650
15403
2599
9515
12473
17817
5980
9315
3885
3718
17672
15196
7427
7899
6858
2379
12731
14825
1521
13465
11359
18497
11345
6764
2628
569
14637
1725
15922
12489
8603
14887
7549
16426
11261
7817
14369
7394
358
2933
5872
15687
6796
18176
18309
12511
4253
16981
9742
7835
16982
987
6460
6972
7956
5737
11608
6488
7622
10356
17204
1589
17428
10600
16459
4592
18101
8374
10992
11005
18067
14742
3193
13459
13408
14023
13753
7324
11697
6671
363
6998
16728
8628
4987
12929
9590
13174
1960
4272
12089
8418
16962
7686
16943
6338
10607
11797
17859
1976
7381
11741
6905
4427
6678
4235
11123
12166
887
16846
2509
10044
11854
17406
14776
7369
16834
8691
4462
14505
9863
16051
14216
1886
6990
14807
15220
14924
775
15567
9129
15737
560
6462
12945
11809
839
2326
15965
17314
16667
3591
768
11770
12884
1928
12947
383
1410
17411
10360
2243
14564
18696
840
71
4566
15292
10833
10674
9613
8206
10785
5233
947
18080
8939
17210
9393
15919
6686
6530
13108
7585
12124
9343
7349
10458
8797
1269
17286
11296
14444
1856
378
7655
16698
10250
534
8354
15154
13627
10517
582
5083
6920
17602
10225
16878
4908
1145
15014
11730
2528
610
1683
1631
3254
8110
9090
2061
5051
11524
12298
3021
11127
13220
7607
14264
14613
17151
13267
11504
13656
4843
17960
12789
9230
11052
15543
7460
7312
6245
7053
1936
18581
2177
16965
16200
1615
11709
7070
17749
13353
16877
17365
11399
11948
16739
2813
15483
11713
9508
3205
3466
16367
444
6527
18462
609
9825
14816
4127
13256
3222
16320
16743
5685
5309
14035
3625
5047
18299
8028
11926
18539
499
16972
3484
16092
16749
11833
13677
10990
11870
13740
6180
16648
4103
1737
8001
16124
3894
9623
7646
1476
17363
2186
14904
10311
13066
15263
13758
16381
9757
2529
2747
1679
5936
12790
8214
13612
3813
6871
13328
3096
3628
9973
10131
3504
6973
7564
15102
1486
4260
15024
5002
16303
3558
15494
3160
11476
15538
14800
18002
9725
13292
6207
10679
5325
17724
2597
15099
10191
1411
17639
183
8577
3667
13577
14066
9486
6999
3189
16242
8644
1963
10223
16618
10909
14722
10801
1210
284
9185
7019
1986
18028
9380
5806
17291
164
15531
5363
1112
8832
5743
10662
6582
2394
6105
9679
3784
12024
18458
13051
11282
9861
12781
17466
2066
10632
3712
4482
11458
8990
12009
9906
10087
146
14425
7860
11006
6334
15462
1550
12452
4278
9506
13184
15637
3018
3604
16001
8017
16158
2942
2110
2302
2200
12542
14712
10518
3782
4753
14108
3232
17082
13251
12406
17594
58
14478
11632
3536
3079
14029
344
3903
15389
9077
4793
1525
17529
5712
5676
1616
5605
1716
18391
8804
12764
3197
3880
9873
2519
15561
14266
4323
10805
8578
1865
17702
13807
16619
16853
4684
7562
13513
15676
6080
17451
922
8154
15123
5280
18240
11334
16702
15171
11366
7981
8293
17254
15429
4729
2976
3211
12099
8045
6292
11059
7850
8142
2960
13076
8785
6847
5340
1641
9434
10401
443
3488
3956
13667
7783
9760
11312
5393
1655
17196
9426
17077
3020
5139
2620
5017
4670
18704
17442
17104
15562
50
13004
13790
8441
11442
14233
8330
498
16543
10441
17205
6612
4763
12498
14668
10534
7272
3419
1480
10463
16683
17244
1310
7531
13398
4919
17549
1116
11331
4823
11107
9700
17296
11245
10136
17554
1012
3981
13971
9407
12952
2608
392
6150
3692
18091
8565
3146
6257
5305
12897
963
9972
8605
17028
9788
6545
3432
7267
8303
1834
9151
290
1620
1923
5552
13145
12647
14159
9902
6642
9751
10941
4116
13223
5100
12292
16591
17605
14911
15464
17825
18340
4713
13119
931
4366
6116
4797
11753
15544
12987
14360
2387
17386
4522
16753
9229
9536
16413
8501
7712
5199
10773
11585
14303
17370
16639
17804
11088
11367
7314
9045
4445
9316
8759
18177
7922
17992
6982
13254
6928
14808
11617
10745
6827
741
18552
5228
18536
6084
11031
2277
10544
3932
5239
5132
2443
2317
16230
10222
7218
8105
6712
5253
7245
8932
12756
3637
12861
7826
10470
13081
8207
1385
9124
7697
1253
13003
18673
16612
7760
718
14092
14479
1039
11685
11817
6208
11910
2484
12157
7470
239
16527
14548
5939
1516
7720
5390
7322
16354
10032
15930
17487
13043
513
10641
973
9921
15132
13261
8324
11393
3312
12480
11337
10739
9050
13132
3472
8692
9361
4877
10822
1224
13733
16497
14393
11182
3580
17565
14557
8878
9394
6912
15840
3764
8863
9456
4699
1941
1717
1446
3891
4527
13104
3413
9334
1981
12037
2871
13591
17012
12800
16668
3968
14208
645
18540
11887
18330
685
4093
14755
16613
16250
13406
11789
9019
10255
17184
14719
15700
8187
16073
4049
13252
15254
17035
14724
3568
4391
17916
9409
3461
7569
14612
12623
7130
8600
4769
2688
8544
12276
16811
10330
12320
11834
13672
14899
16936
7038
10259
6656
18233
10094
10242
12087
13016
18156
568
13148
10653
8891
15790
4638
17780
17901
11358
228
5048
3176
11982
3825
4505
6648
5526
12568
10251
16186
18161
10857
4157
14379
6261
938
12617
18277
11996
10692
17187
12660
3382
292
3554
10508
17132
9052
12998
10425
14330
3261
614
12854
17787
9277
9854
10125
1495
13305
14893
12978
2427
258
14617
17733
3534
3754
8241
2695
4902
14895
13024
11281
15602
5457
16678
11933
6776
16738
3739
13114
200
12976
9445
14186
97
5213
2579
4634
12479
11489
16760
2080
5768
5015
16107
12810
463
630
11580
10233
6925
15590
6849
13564
12198
17343
11421
15088
12289
4459
4011
15139
4622
15767
16974
8746
6735
2369
9300
12576
8652
11767
7026
8277
11075
9790
16709
15478
261
11746
15808
6983
1735
6547
4746
5972
3701
10123
13746
3046
15446
16777
12835
13946
10824
9782
5106
2649
10746
17813
14652
16457
8601
14537
72
2783
16355
6630
14161
12738
6286
6060
5130
15294
9414
2352
18272
11669
1726
14018
5320
2256
17581
13151
14985
13928
10081
16356
18465
67
10408
679
13186
9624
18708
16985
15115
9268
9421
5741
15110
8685
4175
18262
2626
13206
11507
1455
14314
3857
11242
11260
18348
16164
16477
3905
9122
18489
784
6205
5856
16014
4583
10560
13040
7418
13624
13173
10741
6324
8903
3822
17103
6813
11305
4831
17742
16246
10267
1437
2332
7260
5318
10586
14462
4025
11310
18676
14516
16172
13596
18136
3030
16500
17781
2914
4354
3175
18031
12669
16650
1346
848
17847
8619
6074
13424
12774
7815
12834
4709
12008
6153
567
10186
4626
8065
11228
5453
6805
14948
134
18147
664
8183
876
16432
1943
7580
4413
8340
8417
3887
5772
18493
13196
17373
3816
12033
13983
14143
13973
7700
4973
9941
2934
1182
17076
10537
388
3924
15200
10871
14908
9189
16901
6063
1949
15493
3422
11430
7994
786
9528
1261
5180
12310
10686
13277
17556
14558
11190
11803
1654
16849
8164
4199
8321
8346
533
5466
11413
10747
5074
1603
2911
18431
8189
15081
10075
6946
14211
5462
7694
15623
2501
9908
7231
7608
15926
7555
7799
9976
2709
5345
12188
16647
14320
312
3934
2856
17375
12674
12257
12326
16786
16842
3024
15394
1147
11368
8895
3317
7858
17875
5512
17788
15816
11320
12678
5567
10010
8710
8146
15643
9076
13727
2974
4312
4666
188
3770
12571
6915
14730
10829
17528
8023
3669
9143
16150
6532
8904
12243
2937
15073
12210
10915
10531
9713
7472
7454
7422
15575
14138
13072
8974
1638
1805
10090
2772
9559
2366
3354
1125
3449
16083
4229
9175
172
3367
11937
4114
2576
16801
8784
10480
13800
13283
14435
18621
1273
3311
11212
1103
16462
12566
10451
3727
16573
4940
9464
8830
993
18206
10472
9655
2938
669
17474
829
6523
17218
14949
18400
9803
6852
15908
2449
6947
13666
2848
2951
13918
17095
3532
9207
11121
7592
733
16096
15682
6474
9644
11159
15536
8127
336
13712
2912
5804
13050
15363
3144
13194
15733
1866
6691
17225
5292
11683
15084
1758
1642
5141
2887
7936
8659
6193
17511
1575
13021
16744
10815
9680
12242
3133
5272
12768
5148
278
4880
5929
16746
7378
2658
1430
8893
18453
9233
6666
12704
15201
3648
12883
18100
6774
10861
12560
16035
5827
3257
339
2006
13355
12443
16336
6030
7795
16774
16364
10015
5594
5440
13481
3630
7563
15994
16956
334
11425
15933
3511
103
16325
10551
2226
6226
13809
15556
18113
15529
16156
11704
4561
16205
10327
9371
18651
12712
2004
2298
15741
5063
17876
3540
16523
3519
17722
9891
12497
4739
7755
2708
5603
14784
16036
9260
16549
10593
8988
10060
16748
575
17209
6426
3755
8002
18017
5754
2496
11063
11423
18397
9404
9705
5514
13248
14487
5631
6409
9174
4784
12822
2319
7186
13036
2120
10691
7791
2430
18288
16864
3909
8368
13426
8073
7290
2342
1184
10864
4444
12288
13792
5289
14673
17653
16737
5041
16976
18733
8559
10978
6647
1162
8633
5226
7764
17670
15932
4547
351
18658
14520
5412
16522
12946
16564
15297
2619
7971
17739
14154
5434
16091
3236
18655
1014
7661
13505
5160
8495
649
380
9939
15622
5495
9432
6002
13533
3164
12490
17320
7396
4287
6238
8510
4994
4112
13418
8758
10563
12510
8825
13280
15551
15940
1568
2671
16560
2472
7211
11070
18432
17807
5486
11490
15593
80
12847
18259
3159
3143
5000
8255
6352
707
16666
3248
7341
10732
15664
1605
14437
870
3644
17709
1344
5558
12624
1241
13788
2677
13662
13536
8641
8357
17937
8594
13035
3926
16218
16928
10581
3137
5549
3835
9573
3515
354
4702
9838
15519
13325
6937
2998
8879
16851
8291
6096
15116
13823
10061
2860
13755
17341
15471
12729
1673
11725
9759
15114
15681
7915
14602
7138
10350
12255
905
18342
15810
837
17149
4932
8428
9467
12629
7773
18566
2640
6123
14107
17867
17947
17147
13290
1381
16717
6170
11193
7870
10181
15180
942
517
11045
1478
12575
7273
7841
7383
10816
2943
7461
15751
5285
5596
16556
13189
7792
4425
1512
1487
5235
11970
4947
1357
16899
518
6565
2263
516
1230
8053
18482
3057
12227
10343
12340
3153
4581
17199
17571
8038
592
7567
3886
11217
16341
162
10713
3749
12555
14984
4781
3017
1168
7031
16410
5662
17854
7094
894
16910
2220
11396
5222
6816
12237
10050
3689
15796
14093
4386
6378
10946
7416
14964
18323
2737
16756
5336
1587
3571
12699
4716
1808
1047
17352
15718
6741
17185
867
15167
4721
4801
6665
9798
5070
13350
12786
1019
8711
13526
2436
7610
9547
10955
7609
12354
2561
880
4362
929
12495
17051
6092
7676
7943
8458
14820
3615
14883
9795
473
13518
18532
15137
15149
4457
39
7538
5899
1064
14455
15352
8877
1824
4212
13571
4542
506
10318
17062
12056
4708
6635
3376
11497
13286
5489
2757
11276
17559
17832
8157
2196
17357
9362
1408
10436
14817
16395
10981
1896
12895
11460
9411
15305
12685
10564
13830
18248
7481
10
6576
5241
16644
18030
585
3107
8672
12232
7702
15607
2980
14695
13200
124
12269
11510
17827
14539
8551
7582
14670
10018
8906
11090
4321
11815
1862
5386
202
11520
967
410
2321
16495
5186
15382
8424
12332
15143
17509
4703
8675
17831
16592
5281
12765
4463
9860
8775
7812
14458
3581
2539
8781
8220
403
18012
3208
4254
11307
10716
2439
10164
14626
16069
9851
17024
13816
15185
333
9073
4057
18430
9401
6898
17760
5904
12395
15082
16319
5232
10806
6710
10711
1156
12444
1817
12309
7744
12713
15966
4856
10640
15595
7836
12303
8177
812
5112
6620
14975
691
11871
6100
2165
7902
5034
16608
18279
3914
7376
6842
13744
12105
10777
5913
11747
1533
8811
11814
5328
14569
11777
10275
6528
11195
12791
8153
13006
1286
10182
17027
9452
18135
10532
18722
11604
9305
2535
15857
338
8829
1934
2759
6960
6095
4344
15652
13293
16033
5136
4868
7574
2077
17975
6464
8514
8018
11636
2163
9190
3651
10987
14787
15245
13565
8736
17808
9822
5976
6664
16845
11363
14938
13615
3479
18270
9699
17159
12344
5275
3795
13592
4387
7886
11067
509
15511
1755
13361
17423
873
12547
611
10612
2242
397
4269
12199
6014
16964
3788
1377
9330
17426
4917
12212
12215
11317
13476
14021
14638
6884
8743
10369
9328
13241
17966
9413
14544
8124
18114
1438
8634
10994
5175
15640
4918
18312
5560
15335
852
13268
1336
7752
6306
17547
14076
18610
9911
15565
15496
10720
16006
11858
5433
8539
3444
1816
5927
10762
9924
11535
17676
9731
8579
17824
13849
15706
18527
12387
9994
16429
8012
17182
1030
6578
10332
17883
2818
8393
1169
421
11786
12381
9840
2898
7476
11544
14775
11861
14322
15358
4752
7251
3775
16546
8171
10308
16558
6631
2495
9889
13633
8158
2625
7513
4692
1878
13731
15391
12869
4090
12181
13052
347
10137
1415
13183
11703
18712
6056
18129
8388
13952
15295
1770
15055
16946
17497
18642
6885
14449
17814
10001
29
16595
14222
17292
13415
7421
14182
5898
13214
1428
10726
16630
4237
2371
192
14604
1554
16296
4019
8881
17007
7681
8876
17793
18589
13237
18247
13692
18732
400
15938
5140
11099
6737
7663
13665
7365
11920
5908
13059
425
5826
2565
17803
6212
13226
16970
16391
2616
17208
4628
4824
4480
6552
12752
5943
1176
12839
12216
10419
6228
2333
6492
1429
7458
7766
5784
1272
480
10912
14078
9670
11680
4414
13341
1146
1460
15163
365
4562
2544
3884
9131
9390
864
18097
16061
343
16118
11906
2215
5267
11001
9522
14734
4029
8159
5682
11386
15888
17008
14659
3837
12921
4006
7050
6241
5769
3705
15947
11079
13288
1153
5736
15080
4333
3136
17454
14506
13343
16967
16063
4630
5214
7040
783
1702
6564
7344
15041
120
12798
18668
15000
3117
14362
14254
17336
15356
12805
7151
17216
10167
7240
7524
10150
11080
12442
15982
13995
3151
17191
14326
788
9986
12077
3303
9088
4844
13429
16857
8738
3100
18047
3499
4961
5556
9228
17870
2903
16347
16569
3403
7675
7175
2367
3873
10154
13940
2469
1488
6517
17161
8313
18058
13948
3736
11901
13962
8890
9961
3975
385
8423
5057
2273
2235
17217
10555
6299
14013
3883
5018
1567
64
8860
11412
398
3590
15239
1614
14972
2652
14482
12035
12747
11811
6087
5942
6549
6196
8203
7111
16566
6280
5718
4384
3213
2578
7825
16388
17402
11131
9291
638
689
18717
11290
10329
2174
12902
9955
9996
13095
8682
15240
3399
18304
3209
6874
18514
7029
3834
2433
5641
2965
2826
7089
5075
15621
6621
3147
2739
10162
18363
13392
4310
15841
17155
12600
18682
14767
10268
7001
13307
15679
12851
18321
17164
10559
14782
9609
11112
3410
4603
7748
9531
14098
15669
5428
9370
11464
5814
3691
1163
15010
10221
17863
17884
7526
1337
7277
13541
3391
1093
3182
16130
16344
5811
2424
5212
16372
12023
3762
12584
2669
2232
16370
17673
215
1982
12360
4220
12293
17835
7342
18446
1921
12702
18474
16727
13924
12778
14562
8352
7602
6176
14503
6507
1115
12640
14936
11850
3545
6663
15730
4264
13743
15560
4003
16847
1787
13690
14404
6536
1291
6770
13914
15091
6340
6873
11787
7837
3195
10621
11142
5734
4923
5416
15901
11132
11268
3773
15480
9942
14882
10847
9625
5303
17031
17695
1180
14973
9893
17293
1578
4525
16715
8414
7907
2035
16844
13710
6568
9459
3426
6976
9645
9839
3203
2045
18662
1193
84
5630
12379
3291
2524
10595
6520
11419
5540
6186
8185
8019
4308
1142
9530
16582
16686
12261
8727
17682
14770
12779
10446
13620
8320
15880
12445
957
10597
6840
11373
17838
9093
18167
3624
5999
8808
7025
316
4404
16295
15823
14321
11942
4679
7771
12628
4556
2392
4549
2418
5438
17943
15153
9180
7937
6073
18516
10395
3239
14507
1367
5110
8997
7047
4733
9423
16191
1244
15892
17573
7191
9772
12970
6242
8961
3465
5401
5435
1108
13960
15303
8524
1913
7888
7475
10502
13070
11000
4183
7967
8954
204
15950
580
3111
9011
2294
5484
14120
10388
4379
7143
11225
14201
17295
17550
13387
7226
5701
8827
15935
17611
5099
14729
12688
5291
7605
14325
7821
5104
12285
6930
13192
6835
15253
14038
8662
18168
17869
9177
12368
9983
7504
7516
14874
8457
1496
12247
14662
249
6540
2191
8467
17052
7598
16551
17032
16285
8734
9570
12878
6991
16504
3737
7715
10058
10016
4342
14701
10293
8656
1369
16093
3584
60
14827
9420
8982
11253
2854
7859
10515
6058
3073
10073
13386
16275
6402
16148
3335
401
214
6567
18683
18439
17063
2451
7974
14057
15279
16282
4510
18001
5218
10839
16022
15582
17596
16305
4319
10765
3527
11896
7911
17324
3384
15142
7623
5200
10961
1483
5369
10872
4332
17397
9922
18590
3389
15042
9663
16755
914
10306
18267
12405
4446
6015
17986
2755
11154
1293
13311
7941
13460
746
8217
16018
8306
14243
17469
8786
12016
4146
14828
10465
5622
3599
17047
17945
13562
2799
13022
7049
11665
3274
12155
17140
3553
17113
1015
1484
6407
9453
9998
5981
11295
9062
17834
1222
10935
4585
6252
18230
3377
3009
230
8454
17684
229
1868
10194
15411
14331
4825
12148
5201
12118
1246
17379
9450
7985
11548
11294
16654
16109
15197
18748
17604
4109
18546
16262
4351
5777
7217
14410
13185
2661
15001
2088
18019
16695
16223
18496
7123
4171
15118
14261
15482
16190
927
5448
14291
9307
10710
9109
774
9020
1651
275
17125
15012
3314
12352
2036
14644
7431
9833
6033
2527
9483
8735
13159
10778
5721
742
14595
2752
2606
6533
10038
16597
3881
12385
3528
4293
3397
7299
3786
10673
17535
4610
8817
17256
16822
17261
9667
9297
7873
14921
10079
9169
8987
5761
673
885
8097
3730
13012
15776
14417
4451
15828
9844
12068
15528
11387
8741
11667
15697
11082
5564
1672
985
764
462
14716
15759
11965
13713
6869
16585
9365
8994
1215
6387
10668
15986
5962
5409
4909
14472
1774
1711
8542
156
6259
4809
3597
496
7898
8218
14777
15699
8874
3575
393
13224
2885
5700
14206
7183
15285
4811
13797
12329
18486
6343
18506
2126
5156
11017
2289
128
16299
1665
17066
9914
15923
16289
3010
4635
6637
9709
7890
15608
12996
13168
13545
3852
7336
7728
13701
11252
3272
5121
5691
12240
7327
9823
14276
12512
6491
1243
1600
11369
9792
399
11860
456
10264
8426
13113
8941
10043
5612
4002
17840
13817
9279
13312
15742
6069
417
15604
7095
5296
5870
6023
10340
11454
14650
1741
12557
7279
5587
8944
17407
18702
7988
5888
15019
2323
11432
6305
12891
2179
4336
16067
18622
420
9748
18573
7896
11912
10328
9817
2143
12100
10576
13590
8963
1119
1993
3267
203
15434
9975
4374
7689
10775
15211
17758
1991
9582
5501
8750
1984
9043
8951
6563
14922
7667
12206
14891
16077
15606
1658
5996
11274
10750
179
9198
4406
11085
16986
1275
15456
15749
15572
15425
13319
3734
11799
16304
2889
11066
9310
1759
17385
9557
2756
5304
18038
4224
1354
8598
3547
12391
16545
7801
4983
10939
6130
10345
6470
18524
4140
6384
4615
16860
16396
16992
15467
825
4787
5990
2388
861
7966
10459
178
18619
12732
10983
15946
13344
7834
15489
4088
12032
6370
8948
13772
16553
7006
2234
15535
13281
3525
17801
14499
4728
14355
747
5456
7003
5969
3346
6923
14354
15148
181
14026
10616
6380
2574
7954
2689
13706
6866
5003
17481
1860
8095
14745
15709
14698
14390
548
428
12684
7912
554
18455
8006
2056
345
6910
18511
1174
17555
1479
17303
511
8999
10696
16197
3496
11798
2312
2493
14282
16496
15837
12954
11077
3040
15991
13865
11693
18115
3015
9354
1155
5688
8875
13317
17405
5988
5385
15550
3157
3453
5274
7769
13782
16572
1689
16808
10737
9497
18402
17954
2869
11221
17736
9736
18507
9940
8381
7502
17729
1104
3342
8984
11428
12717
11264
4053
17306
7519
16465
14238
14421
3776
13324
3313
17600
12088
2015
9535
12030
4862
7803
13862
5134
12758
16234
17830
18554
9794
411
17274
3798
13495
17202
18480
15520
16528
11900
7716
8962
15162
9753
9118
7187
18209
10178
5607
7058
9964
8491
11398
8129
12689
9938
2318
14881
7822
983
7221
557
1188
4803
12840
16838
9659
8451
13338
7140
7146
8343
10619
16958
14317
17332
1798
1792
5179
8763
15762
5427
8405
658
8204
2159
6003
14932
6755
3733
18354
17039
18004
3864
18624
4411
17424
257
18460
7286
683
16631
16371
14198
14611
5108
11153
14868
791
1591
4390
18484
5103
6913
17740
18555
12437
3871
3004
11712
3709
2740
7806
10115
618
14149
7706
7270
6139
2987
205
14137
6303
10357
10881
4430
3970
843
5284
13530
5635
13898
8257
13621
16921
17726
570
17452
12064
1323
10175
4833
14561
11615
4599
10437
6766
16146
4271
1050
1349
2750
7737
13873
5006
6465
14019
6164
9637
4438
8686
9256
18069
847
362
74
15111
8004
9487
6157
9982
8846
18055
14471
2808
11229
7606
8678
9113
6081
3104
429
5011
12513
14647
11408
13996
1523
2074
18087
14545
8314
9430
11298
6177
9105
8975
2176
9654
11248
10208
14046
14169
6652
1872
1038
799
4468
9818
16281
13202
5644
14055
7583
308
195
3687
661
6227
2022
13180
3722
5225
1442
1902
7855
16104
14110
16868
10954
4102
18061
8908
13137
3711
15779
13603
3565
11821
17711
14798
4963
4935
2386
11382
8915
7387
16708
5480
8807
3619
6374
17356
7660
14930
5107
16627
3240
9319
16891
21
10138
6927
7153
7329
6591
7632
17662
12258
9733
17265
13978
3065
6422
3038
9225
11888
7740
14738
14324
14853
43
1848
1087
7152
4678
9247
7243
14976
16758
11071
14766
11537
8309
13694
14997
1339
11360
11588
8361
8215
7946
15915
6160
1083
17145
1647
11611
7457
753
8894
6966
5762
15770
14723
10524
5376
6356
4009
6301
9505
9647
9273
5126
9323
7553
12133
13276
10462
13919
3482
11448
12129
3607
12708
9153
18744
9399
16657
10391
11058
2308
12197
2089
6553
18747
854
11311
10774
6551
14115
18120
6757
6400
9832
6403
8088
2897
7739
2003
2621
6504
3145
3429
7750
5261
600
3685
5744
8660
121
18039
15654
12277
10842
6525
14313
8245
10151
13026
11835
12065
781
18705
17744
16049
15223
18565
18592
11101
17229
14053
13866
7953
13496
15032
3569
11904
1250
8570
15170
14700
5
7852
30
15107
4498
10570
4230
17995
9192
7469
54
10098
6010
11967
1226
5290
8898
5960
11309
14702
9250
11526
8695
6548
3598
4644
17465
14934
7442
13365
7157
15824
13047
12632
5116
7630
11074
11576
13990
17837
4458
13661
16489
18703
11036
6478
13228
1538
17634
3433
15727
5846
5807
4849
2741
17011
3922
16473
14451
15571
11042
15879
5874
7435
10078
1911
3037
10527
14692
4156
3
11634
14065
3989
10760
3438
9789
15753
13980
17302
11257
11407
4079
17973
137
7428
6093
10235
2877
15858
16390
7643
1201
8901
8108
1203
8856
2473
9339
7235
5339
5012
2396
17403
12594
1793
18447
14905
5805
11171
17478
17849
18617
5221
8708
12484
3960
12992
2849
7364
5443
14857
13911
1951
8233
13430
1627
15701
219
11533
18275
7800
6391
10228
8651
147
12380
8486
3600
5931
272
9741
8930
10568
155
3421
10820
12599
1118
2880
15610
16012
7816
5178
17737
6214
7718
9274
7732
15778
12803
8613
4737
1757
10536
3462
17699
514
10132
7763
13296
12995
11567
1695
9358
6032
11922
5251
8075
4980
7768
12475
4311
14764
8848
12581
495
7172
1724
17632
12053
15798
4867
15422
8910
13600
13082
15578
16170
18106
16135
3390
16929
13218
12331
3950
14174
6781
13717
16772
7030
12061
16361
11673
282
1825
10057
5771
13055
2876
7637
11764
10727
4359
2935
9668
14559
1297
6158
6493
754
13457
5419
13966
8697
761
15680
643
16773
15219
14812
6769
4234
9544
11279
11637
17668
13346
773
18585
10212
12844
10226
6783
12579
10730
174
18531
1760
10120
17906
14000
5355
12424
7743
15266
1944
11341
15646
5202
5508
1062
10882
5679
2969
10299
10821
619
8766
10124
3447
245
171
7077
18175
17361
15077
8096
4013
12410
15891
15334
15416
7254
14157
7683
16494
11329
4315
1562
11594
9737
4616
5052
12927
11494
11514
3745
13470
14726
11452
8778
16550
9338
16716
1633
18018
18133
5483
6285
16055
8246
2104
3826
3872
11818
2222
4335
4508
6473
2248
5113
12464
14914
2267
2609
13685
18048
13742
12284
5585
17178
6784
4302
14835
9729
16651
12336
9299
17930
5094
18659
8433
8607
6300
8205
5958
12780
8816
2344
6933
13099
11549
13636
15332
8116
9534
4460
5451
15300
10695
17552
15691
10429
1667
13587
9363
9605
8439
18618
6848
3014
18072
14351
17382
18023
8645
8533
3640
8496
7073
1956
1953
2547
12324
3626
3035
11530
6790
10366
7947
6808
9040
18401
594
16167
15351
12153
1696
4694
1852
2834
4408
14725
915
5124
17660
16568
2685
10292
3269
7027
11255
7576
10731
10715
14939
3192
1143
765
17576
6734
6778
9783
12813
2601
8471
11094
12984
4882
13284
2622
14380
5877
8552
12462
16797
4086
6185
5007
10159
10068
4326
1879
11775
15729
6154
2014
11177
9458
9391
8608
11539
9577
16404
8290
8469
14128
12477
3336
3268
4410
5844
6398
2497
12941
550
18373
1417
6171
9431
1636
8462
13907
12047
522
4133
9968
14248
8914
12526
5447
3726
12543
11493
11259
3974
1327
16060
738
12777
8819
15939
902
6396
9017
6099
5788
11543
3833
16856
12246
14172
16664
11973
12259
9102
15914
9809
6349
16233
16589
4907
12772
4030
17996
16604
8380
16056
6562
2020
12720
604
16384
3072
18472
8222
11579
10093
10129
3326
6104
18417
10512
11435
5987
17603
10289
7402
792
2251
14663
16711
15715
7614
15758
10937
13736
18413
10761
18471
15026
7603
15826
11699
15686
17532
440
9773
2732
13984
5903
10868
13901
10220
10836
14014
6109
14332
11111
13876
10590
11222
2397
13263
8247
4540
10013
8947
5314
16889
4551
1218
16895
322
7302
13150
13079
6993
4062
6068
17102
4826
6090
3051
722
14151
13957
14343
9400
7926
13182
16359
13925
2258
3918
15412
4654
11986
4225
12407
6606
17935
13493
11316
13895
8967
16491
3679
14880
10370
16637
14769
11506
15721
6903
508
11011
12598
18607
3929
14028
15853
4749
15708
13653
14490
16206
1747
1057
7124
13867
15757
16068
4744
6425
3702
10571
4948
163
7061
18398
680
17557
1404
15023
8701
14027
960
13912
4176
2820
6221
12472
2767
3774
11625
10239
5532
4022
8768
10101
18441
15112
12176
2644
8522
9903
12577
14920
5092
1365
1092
18204
18648
237
4303
11829
11405
778
15829
18062
15599
12799
2171
4153
2993
14102
10902
17211
4723
17865
6027
18392
17201
7203
11573
1236
8120
7616
1843
14679
16795
2844
4395
12508
18530
1472
7641
6823
1893
18160
10960
10476
5873
10514
14919
8905
6788
11355
16506
4434
15459
4985
5707
7264
9248
15290
13378
882
18396
8843
17564
16824
10628
10578
16999
5472
6484
624
2743
755
17654
16776
5408
166
8128
12655
297
4896
9202
10265
17598
14406
14620
13766
8379
15005
18066
4466
2209
10944
1002
6117
9539
3523
14240
11984
14669
8655
15033
15508
12515
5698
715
8141
4204
1089
1539
8209
16088
4233
7861
14585
10127
2107
12469
3450
3524
16514
4058
1263
12540
17776
11790
3008
17848
6938
16805
11924
10651
9784
7443
15210
4274
4048
18254
18444
6278
11415
13486
376
16655
13197
13229
14500
6082
5505
16414
17858
10661
15547
18556
2462
2803
2913
15523
15392
6759
7485
2138
7757
17307
5205
4343
3095
8135
18195
9148
9308
17802
3847
9777
1107
7451
14047
5455
3423
4283
1137
5188
3520
8289
7000
4456
11015
11351
11308
684
1551
4905
15972
6047
1508
14830
3693
1452
2499
8372
5082
12474
893
8066
1477
16894
3787
9714
4589
15198
18613
5955
1498
198
18525
15188
7671
9158
16173
13820
9257
15165
3933
12829
6744
10348
3796
1165
11998
9170
18165
9712
16652
12055
4704
1794
1590
16966
9606
12744
8612
18159
12091
8754
6283
15579
9775
10324
3916
298
1183
5563
5270
13112
6020
16576
12881
17505
17123
12606
10985
16841
2707
18657
12521
12793
18643
11609
7072
18448
5468
758
4437
11720
10989
12382
18137
12644
4301
8956
17240
14837
6411
4461
4586
10368
2271
13373
4372
11668
3325
3357
10477
14977
4098
17353
7127
1331
2218
7525
15314
17911
4288
18227
11438
9739
10205
18225
14311
10232
14129
7995
949
18494
12138
9576
7813
5661
3661
15340
3902
18212
12011
17540
7074
4439
4518
17548
484
4033
1939
5036
10851
10202
18239
3281
12300
12949
9871
8022
9165
9865
10469
16598
8840
8317
9488
17669
4216
17345
4050
7897
1074
6229
16916
15875
10630
2894
12281
17893
16754
11994
5334
5725
13278
10483
6681
3750
4255
10853
15244
10541
16609
13679
8261
14475
13850
3539
3587
13556
862
15225
6718
11149
13570
14642
364
10799
833
16806
31
17577
10975
17042
10206
1971
16533
14597
13671
13285
14578
12505
7653
15650
7478
18403
10404
3961
3459
18663
8916
1670
6143
6263
6219
8762
11969
13098
8225
1359
18311
11012
15574
9221
1906
8737
3315
16634
763
14279
17180
13643
17198
1372
2521
5984
16411
447
3912
13892
1158
2336
17903
9097
17665
12931
3966
4883
14477
3641
9636
7560
10505
15156
2764
11801
790
13839
12362
11008
1560
9740
7658
4222
94
4277
13699
14220
14116
3729
3794
9974
1503
7742
3154
6601
17398
15563
9870
4557
2223
18575
15378
11224
11849
13711
6939
2337
1955
7714
4941
16308
8140
14750
442
390
12374
14063
10165
1751
18117
13161
6188
18569
16766
15034
7087
465
5779
2761
13299
5730
1762
9587
10002
9828
2995
15022
4338
2393
16044
12657
883
12422
3700
13970
7664
4760
559
12006
5696
4965
11536
12253
13441
12433
9648
14306
8312
5912
17607
14443
732
12797
2311
16168
4863
2046
6585
7572
4736
439
3264
13814
18729
14274
10169
18298
13231
1684
10911
1439
4870
7065
2024
16455
12914
16989
12761
12110
11198
16925
1937
14170
2930
5859
7830
10610
2489
3379
9745
4184
14819
14480
2123
2278
16764
15896
13484
10976
663
18310
7818
11427
11375
8867
11652
4538
3893
7972
6065
17061
15427
4035
15450
1424
1704
7959
7261
17346
10920
1919
5231
7521
7121
6931
13128
3678
9437
1908
17907
4069
11100
7455
15893
6142
2426
653
15007
4725
2238
9101
14632
2572
14442
9768
9025
13708
8236
4267
17335
2864
13941
7604
2055
13499
7492
1769
1048
1989
3606
6824
16892
5801
7854
2831
4
9369
8706
2293
6607
4325
18416
3080
8480
6600
1840
8356
17844
11446
16620
12142
2983
17806
10998
1796
13354
12045
17377
5574
17114
8571
2817
12868
8376
4401
731
15510
10718
7044
8323
15624
6524
8429
581
8996
445
10869
14299
3198
12302
18033
360
3332
2824
1535
14312
11009
2290
12751
13490
9477
14815
4370
10516
3280
6489
817
5278
2777
12348
6984
14411
9080
14690
16178
18399
17235
15461
15218
11064
187
15964
9710
11736
82
9995
14995
7787
218
7647
18383
10243
18221
16487
15889
15591
4028
17979
11997
2343
5891
8589
16745
9342
9708
15553
4582
15719
6085
14811
13964
6978
869
10174
4829
5460
8964
16525
844
1056
6418
17756
16961
12018
1194
17569
18284
10315
4074
9275
13503
1449
12795
15227
10647
2525
6794
1370
11003
13502
12982
10855
16780
11990
3016
12432
7271
6231
18190
6619
5602
7811
14397
2158
2762
709
16580
389
1510
17612
3460
11422
2246
12734
11049
12392
9807
13410
11587
14420
10926
5129
16707
4650
5916
11378
11223
7618
3859
6287
14008
16789
16829
2531
14160
17924
15439
3583
10422
11289
4499
13474
14075
15381
650
4185
12346
3818
4449
13027
12544
16649
3783
10112
8249
2257
16108
6167
16160
0
6660
15208
17326
5763
12090
4537
452
13302
16998
3043
17126
14822
16258
1965
4485
13676
11658
687
1328
4375
5518
5860
6038
2121
3611
5767
3322
17334
2356
2464
15743
13965
3946
11120
13160
10177
4164
5867
15286
1920
12659
17449
12496
9683
9984
13548
2376
17703
7930
8286
18685
7303
10533
3483
14806
1891
17148
16374
1530
546
4046
14624
17133
11032
2591
7430
16023
15539
17948
8360
15835
17456
8989
15492
9895
10479
18163
7762
8366
4685
652
4605
17441
16883
12470
5670
12019
13977
7931
670
10580
14185
6322
7423
15720
1644
3439
2821
12282
12591
366
3115
15069
4056
18138
3417
5172
16731
10003
15618
16284
11287
2440
15124
1968
5043
6442
15164
15037
1518
16165
8184
1692
16458
8425
3656
923
5992
14235
15302
9095
12958
17784
9907
5576
12989
10170
903
4550
13044
11780
17490
952
1961
13333
10109
1366
17990
5388
17094
11169
6703
17978
18409
277
14255
7669
7185
10142
7425
7810
1734
11184
8147
11598
6206
10296
5852
15316
17591
8036
2771
17227
13649
10028
4659
10916
8620
1233
4773
4469
1084
17961
10995
13585
2809
8923
18166
7225
7014
6707
11069
5444
10153
771
15252
9135
11459
1549
8336
15760
17174
3349
9646
11444
12673
945
6944
5790
9690
9107
3122
944
14466
15501
5496
14310
9763
12784
597
2364
14584
4091
11666
9607
7682
13581
16590
18238
6277
14412
5875
13718
2657
8071
14204
9569
8684
15329
350
14298
13582
14307
11941
13233
1033
13702
318
13103
6134
5086
8752
3899
18640
3215
6250
8285
10091
13660
11623
8587
10145
551
9068
13
13831
3285
11180
17460
4913
10258
15586
1855
1058
9524
16202
6016
4850
4968
6945
16133
2117
10008
15620
12038
2719
2339
16793
12943
3631
3455
18522
16791
13149
16279
14607
4052
2703
6017
1699
5640
10657
5973
11204
13696
18626
13883
9634
9415
6683
18250
1403
2693
17081
18359
1423
4292
12412
83
2026
18508
11456
1016
9672
11350
14513
4872
7082
15601
14025
16041
5127
6166
13167
320
13379
12429
6317
8400
1274
4869
16828
7910
12573
4083
4756
3105
15872
18241
6592
8715
2124
1802
12001
7636
11244
4123
13893
14683
11440
1148
14974
5982
18154
9929
18633
8732
2896
5081
1407
2065
13555
626
5660
18594
18653
12735
6963
9554
13416
11851
3512
2178
13329
11187
2793
16443
10214
16726
2142
9876
18111
14805
11110
16904
8528
1890
3345
17436
8957
11097
9702
5645
4658
9991
7363
11710
3380
2734
14542
971
7404
6811
2729
6997
8506
12627
11028
10313
12487
10005
11754
10439
10703
5952
12186
4949
6917
8729
4574
13013
6833
12062
6404
8591
8265
11716
1804
10231
10397
3301
1072
6499
12523
1017
6028
2717
702
15527
3406
12607
17566
5096
4596
15524
17708
5394
9311
9352
3635
7067
8739
2581
9272
2012
2069
9556
13537
17723
1356
4227
2881
9002
11357
6432
1073
13000
247
8055
8378
2375
12697
404
14551
3127
15376
4651
2460
17663
16873
14596
12506
14528
305
2185
11220
10475
6248
18196
487
9743
8933
12578
8822
17338
18517
9540
1674
16139
13062
14813
5739
13682
11644
13523
8452
4545
6845
9604
14339
11649
7624
17432
14191
15128
17642
7367
17013
8050
17181
1443
15616
5250
1900
17367
1329
939
4775
9771
15485
3567
8230
16691
10852
486
9812
7004
15642
7179
18170
16939
1301
14345
16290
4238
14884
2334
17298
8753
6897
2305
11654
539
15357
14664
17016
1208
1664
9721
5695
3463
1745
7851
6220
2042
17855
6892
5797
8308
5935
8861
11202
4047
714
185
4040
12316
17350
12042
1581
13352
7518
3324
40
17267
5128
796
8437
152
7009
209
8702
13974
3448
5991
16058
7960
18292
5504
6135
1623
908
7882
15417
12012
10266
3997
9864
2346
3226
4318
12014
13613
17277
5187
16544
8730
14649
2530
15468
14757
11719
7695
9856
17046
1258
3703
5924
2822
13478
15251
8287
10575
6859
95
5524
16538
4957
14432
8193
11283
11878
3976
10491
13279
16071
6594
14146
13557
18454
12322
1912
14308
16101
15703
13834
2566
17163
1287
9698
126
15324
10062
10187
324
14665
3002
6899
15795
2518
4160
11314
13480
8064
16957
8295
9656
701
9049
3025
13882
10367
5485
4317
2018
13334
4764
10841
6924
5793
6762
3983
13884
16706
15656
16349
14176
10379
10273
17778
6434
5849
5208
14823
17043
15990
1773
7532
18040
5664
7195
13439
2746
3959
5343
676
9588
16175
11660
11150
16628
17173
9336
435
17129
14177
10309
9682
7566
2108
11686
8482
6779
5828
7527
12635
3023
15979
6780
4647
1547
17004
13404
17055
4380
9857
3544
6086
6641
16335
12845
6413
17252
6006
10427
17091
9918
8282
1288
12651
11532
12796
189
18036
15854
6173
8770
2727
15228
12239
7554
3797
2679
5947
12857
10035
9752
12742
1657
18667
9853
13880
14684
1564
5726
9703
9628
15874
18719
18561
14382
5415
101
4154
9762
17284
11157
1910
5799
4662
16081
6566
12366
12801
4820
15454
353
4007
12435
4421
2365
12537
3927
16942
13896
1546
8079
3298
12520
8744
7129
10786
3660
16401
5361
14509
17886
12692
15944
16220
13129
4966
2931
3330
17891
2094
16193
81
3013
18678
11372
6627
13670
14101
10719
2551
3964
721
9329
8410
16321
16268
9240
10007
11792
10876
14947
4450
17319
15735
15079
15819
7895
7958
13125
874
5252
6070
2459
6720
5950
1534
10390
3977
13993
11186
13023
8250
6985
1661
558
18003
10687
17257
1997
3480
7278
11406
13020
11362
10792
6483
15322
6269
3227
16859
13886
5521
14848
2416
3830
6571
7465
8385
14463
12962
4671
12125
777
7086
12890
1206
10402
9567
7306
8640
14902
10896
15233
10473
15516
5782
12951
1380
357
13313
1436
6512
9173
10547
7377
7353
13897
17683
17189
14395
12158
16530
1800
11044
17934
11491
14672
4181
4289
15433
3636
6061
6739
2173
11092
2295
5986
13765
2792
16498
12040
3411
10353
2463
2804
3056
8586
2083
53
17799
18079
2742
10342
4120
2990
15569
10646
6798
8175
15678
2929
61
13038
15328
18202
2996
901
18636
14257
6821
13399
12638
355
3710
3394
1467
5632
5190
8197
