12263
8589
14843
1314
1726
5887
5580
10989
1264
18650
1966
17169
15347
14340
12632
3555
9379
6281
14936
8207
3508
14237
12542
9338
12096
3569
16727
4464
7397
7748
12678
14657
15125
1927
9416
17895
8278
3125
2868
5525
2913
10257
1646
2173
10799
17891
5886
7576
13242
18309
8624
18016
13793
18168
10991
7350
11147
16524
1132
14884
3355
1463
11705
9503
1485
785
10216
5625
9491
1508
801
7335
1626
5511
1715
11500
1114
18243
3254
13905
820
12357
1763
3455
14755
14349
16436
11809
14390
16895
3295
11779
2599
8138
11841
16194
10484
12700
16662
7478
9791
15358
9531
17081
16101
8994
13593
1482
18630
14644
12175
11597
9767
4679
971
16082
9943
1352
17362
14444
10877
3844
14545
7111
15853
736
1922
5884
17080
15718
5966
1014
1396
2318
8938
3972
11208
16482
16146
15372
11527
1900
5878
11487
3299
10706
17787
14864
14612
18111
15557
8434
7334
11769
12589
3470
5911
11476
16716
4996
8596
13441
9331
14244
4489
4059
5737
4671
7307
3145
15045
14635
16792
16133
6130
12514
4701
11013
11989
11759
948
17960
9333
8464
9152
14387
10702
18145
2450
14946
18668
13388
4015
2577
11964
8265
11808
17195
2012
15992
74
1152
11483
3069
4700
7893
15079
1816
16812
2536
699
4990
9546
17118
18252
12855
9479
10776
17208
11646
7371
5584
5916
2323
892
13118
10741
16061
1563
17751
18178
9120
169
12192
7740
12560
15757
10826
15364
9827
3225
15014
7332
2846
16104
5209
1898
12344
6732
11246
13344
363
6315
14272
5986
185
4365
8257
3384
3204
9116
2890
964
3841
1147
8372
12765
3738
11845
6290
15795
12659
8652
7771
11764
4501
1587
8259
8495
13181
3309
11720
13580
4986
16307
17868
2114
126
482
12362
10813
4230
7739
7831
12994
592
5665
15162
13486
8673
17101
2562
16006
7922
5027
10503
1233
4312
9358
18164
7066
3154
17961
764
4261
5932
18332
17159
16709
8601
9185
1863
17425
2566
907
3405
7852
14679
4393
15332
14332
130
1704
6859
665
6358
11686
9015
2446
10670
6382
7937
2232
506
1464
6857
13439
16868
8093
14727
11711
15422
657
3333
11850
16252
6093
15534
4682
8327
12739
440
14649
12041
17797
16356
4452
10253
10797
12672
14072
6108
5204
13685
3929
10017
16833
10362
6078
10574
2422
14942
16853
9741
8336
16166
9213
3963
5871
4544
10058
7053
12932
6275
11195
4802
1184
5787
11674
8660
11127
10445
6434
3780
9164
9714
17250
1896
16521
3578
432
14402
6316
2341
16246
6070
3944
6563
10207
13135
8778
420
9204
16225
11165
160
18427
18533
13348
13259
2832
9227
6155
6270
6762
7777
15883
5128
4407
11199
3687
1856
15475
9731
621
6716
14859
1531
18653
9492
11533
18217
1714
13402
4953
15488
6196
7884
5893
10480
16704
6217
14490
17992
3256
6407
10508
15868
9351
13139
2072
2264
5760
16260
10030
3511
9038
11688
5748
2992
18747
9429
5025
17930
10351
10551
16012
13018
12666
4061
7524
14452
12840
1652
11814
5552
5441
12837
2605
13262
4831
11163
3961
4432
17738
17524
6963
14551
6725
13843
17558
10770
16468
1731
16305
11802
4125
11593
1336
5909
7188
4638
14734
16794
3840
12042
13437
6216
1101
12708
17849
4444
5875
10397
11773
11292
12066
15479
6603
12561
17569
233
1653
4150
6649
490
15576
17421
4618
15531
12411
13781
12495
17170
3290
12240
10708
18260
10684
13029
12038
9543
60
1499
2847
7475
7170
7009
12577
7995
16947
5524
9903
5068
3619
16036
12276
3907
472
855
13966
15662
15604
13203
919
15143
675
15028
2905
3021
7717
12733
16065
7143
4285
2258
11481
13521
16673
7532
3346
5562
4689
12640
13849
5062
15329
9253
14799
16648
10550
14566
9844
3075
17506
4509
3837
8970
7653
13624
9055
2824
14778
11935
7911
10815
8750
4121
11368
10160
9746
11187
2942
13376
14886
4621
17439
2553
1524
6422
17415
14654
6911
6146
9342
8314
16884
1392
12857
5030
3886
10188
7677
6669
17605
15532
12818
2551
11575
10866
15399
10073
18067
17108
15
15155
4068
15769
9802
3607
370
2725
13615
2826
10884
1384
3449
7912
51
12713
9615
9666
4800
4330
13160
13050
9393
17864
2746
17529
16140
7818
17931
2654
9345
6393
12487
11528
13539
16728
16607
15056
11061
4308
1920
14779
16230
15723
10781
7918
17607
5409
18674
7299
4783
14559
13296
8046
4778
8899
8726
10000
17039
15653
16685
6033
7018
6151
93
18726
11442
4410
16241
11919
16047
11784
16549
9138
14595
16768
5870
1829
4552
12595
2146
13873
15611
16351
3472
5061
9777
13641
14948
15714
16820
6987
15140
16965
14028
10552
8076
6979
13191
5190
7462
18566
8694
9251
6292
7960
13071
5006
1562
13020
16975
17972
18531
17401
6739
4282
4462
15631
1125
11366
3835
7883
12811
12656
10296
562
15350
8004
92
14399
3589
926
9237
15682
248
2613
9012
5125
11982
10903
16831
16017
11298
17534
2365
1037
10930
15850
17874
3716
4290
17376
10262
568
5856
1297
3602
5219
4485
18489
9866
3091
7617
14314
18532
15693
15383
18195
13970
11389
3794
8651
13754
2983
13669
12789
6959
2606
12392
18023
18007
16318
9181
15620
1378
3297
13573
18170
17910
8158
10177
5947
18230
312
14413
860
1230
18167
15963
2518
13174
3958
5043
13187
4703
12475
16124
11020
4899
3438
13553
2251
12958
8747
4850
4804
15885
13850
959
18659
15587
8842
9538
7822
7936
8925
16342
3488
5284
12601
9144
5008
7149
17816
16552
3119
2643
641
5236
4741
14956
18694
7945
17084
9267
15684
5172
15804
8772
38
17406
770
6789
12630
3822
1376
834
13962
2947
7158
1990
2231
2772
6417
11540
9446
14893
2663
11360
13113
15890
5210
58
5462
9025
5554
4801
18229
13374
17495
16538
9157
6182
9773
9627
18390
2343
3235
7092
12647
18598
16441
8349
6181
8032
3706
4286
8979
17014
3352
3138
763
4699
2978
6477
9249
12250
12819
7059
12979
14833
16219
2973
17726
1395
9272
6473
16961
6203
10656
6459
12689
6842
8396
9641
6962
9031
7222
8886
3038
17915
5687
2369
7272
2980
15132
13708
15807
3527
5042
3034
2080
9898
10514
15766
9657
15818
10327
1703
4620
18316
12063
14141
18408
11099
18066
8548
3354
16988
17066
428
11391
4207
6224
16544
13200
16954
18143
2394
2287
17191
720
1422
10794
13148
3732
9391
3831
2397
18470
3074
7027
11606
17216
18206
10109
15716
4608
1557
18038
11461
5641
12566
15892
5188
14071
11332
10880
2595
823
15550
7043
13164
10434
4768
12598
4353
8333
14678
2467
5770
14790
7644
2269
5417
8584
1767
4118
8828
7737
4809
13268
7567
965
2943
15665
7294
5321
6490
235
15277
5971
836
7672
17651
17352
14470
4301
5682
9258
16620
2188
8743
6513
15610
7964
1168
8040
13468
8850
403
8018
14056
10941
8157
3480
14538
14806
3855
8942
3730
7660
7993
8777
7352
13668
7483
16491
12511
9128
12973
15289
12446
9850
14011
5374
10846
14446
14986
694
8895
11202
5540
7886
236
4969
12275
1231
1614
558
9842
8604
12045
14673
11551
139
13931
2155
6922
15959
8036
4678
16887
4076
15675
7927
11578
12858
4463
12567
4630
1243
12660
11493
13845
2437
11549
1519
13548
5703
13061
11497
14541
2575
18241
11201
16043
1338
8967
6592
16490
2095
1234
16837
9499
9808
846
15617
15612
2775
6387
4120
11637
10716
10896
4200
8075
11622
14232
8768
15006
884
14108
15406
1907
12320
7383
17451
9053
7829
15327
6951
15484
17965
16059
18010
8629
16770
10894
5280
14885
15572
13735
7166
13861
6865
7443
12726
1307
1163
4979
1443
1768
15065
8395
14717
12679
16585
12050
7925
13903
10965
15012
16841
18049
16827
6322
13207
9352
4024
15881
11669
10975
595
15567
9054
6073
15202
2362
222
12807
1135
10734
2093
4685
3325
9942
6410
5213
18290
9725
700
7992
9443
10817
6357
4523
9109
1487
13502
4484
11380
11847
9856
9874
3579
4593
14309
17003
17639
10889
577
13105
10564
14575
9395
3315
16870
14210
17681
9049
14094
6955
8187
3289
2465
9713
987
13088
4390
13273
17866
10050
7349
15300
8897
15948
9113
12187
15418
14967
1416
7755
6507
11522
17807
14393
5144
10790
8764
6193
1382
13226
17955
13070
14334
7073
7321
5413
1891
17307
11830
11228
5081
15985
15698
11355
15355
12292
7572
10976
3383
9786
6360
9923
2545
3023
1761
14047
5565
7890
12964
7708
303
5237
10974
10671
12020
17096
6017
8633
7499
3257
7095
7742
14368
8717
4667
590
4033
12432
4355
3881
12081
12348
8143
7750
5133
3543
18358
17467
922
6636
1111
18627
17002
6399
5136
1505
7392
1116
13306
1390
9418
18146
301
4719
7028
1398
8518
4156
3060
8058
15425
13689
15236
11454
13860
3112
18612
4107
5808
13097
4738
9857
12787
5366
12030
12055
9184
10231
17829
18670
4034
13990
1143
7375
3826
2413
6184
18359
3236
5546
6835
3189
5259
10761
13567
79
17627
2490
7775
18643
8612
16060
14299
16778
1742
5411
16654
8239
8841
3676
5517
10019
17696
12197
17661
17989
4600
16632
10999
17641
14206
338
6466
748
4793
7001
11209
14392
15957
7651
14197
2812
7074
16114
7794
10115
11015
17064
11330
7271
8236
15298
10915
14994
18267
12963
7190
1602
16743
15405
6222
15712
6688
2371
13537
2106
15820
15356
3156
16652
2005
6915
7418
2209
16053
3292
8692
14014
2936
8474
10433
12588
974
11037
15473
15683
4231
15749
14256
6462
14745
8041
18596
55
8703
3878
11795
6834
18583
17940
12959
924
8631
2282
16744
6294
6243
3528
10018
8614
7908
5753
12086
16674
17189
8019
9386
12930
16028
12773
124
10338
14063
2390
1945
17922
4348
8526
1275
10043
12189
7378
8280
5145
13543
11164
6568
10218
981
13075
7011
10387
16084
2000
21
3263
16257
7071
3373
13695
13772
2652
4736
5730
18460
1932
372
5138
10811
2495
14438
8892
9288
10305
17054
4168
18370
8956
8240
13832
10788
4500
5436
2208
3456
7134
2882
16646
16582
10516
12457
14202
2570
18580
12985
11084
16876
8095
1075
4478
13098
8350
13547
10258
6342
14216
7674
16367
16283
3819
7219
12414
593
3431
14240
10530
4681
6928
13800
10488
8335
9469
6085
1494
527
8070
8038
7225
12072
8723
5695
7096
8124
3807
721
1669
989
6705
18680
12337
17896
15650
18163
7385
15931
5214
2068
16526
2488
16710
12151
11463
431
4625
9170
17209
12586
8141
3226
13840
6814
18658
14558
12259
13740
4848
13911
15545
2640
11229
7627
668
15569
15901
7342
1968
18620
3514
1719
11988
15815
10189
9765
5354
18324
7518
2303
1066
11722
4879
6791
5678
17348
7337
13103
3132
16208
17626
8638
14839
5949
4091
8471
13163
8809
11939
4688
11774
3810
5805
8120
9027
15284
13565
9387
12075
15803
14465
2968
18318
5761
6105
4297
12100
17294
17878
13680
15676
16290
5223
8813
6811
14613
9830
13488
10804
5768
931
16129
4652
1778
4331
14617
13599
15762
8504
7012
17800
7354
7241
13041
5631
17885
16758
16220
7889
14787
16631
4293
11807
1511
17845
16919
18539
16731
12193
8387
730
18728
14281
5122
12610
4046
1402
12730
4977
3114
15642
16799
4520
7328
18614
10051
2944
15695
5618
3053
12463
4007
12053
7875
17504
5908
11861
2600
14848
11585
10023
10038
8080
16239
1247
7807
7709
5642
12123
15657
5034
3933
13591
11641
17357
13987
17288
2433
2901
903
5663
13956
13775
16110
5353
2191
5151
12179
13109
9422
1121
4586
9276
2642
12573
16684
14756
16807
6672
3728
4750
9681
9703
1839
5168
1717
17452
12688
13729
11729
14139
206
9755
17694
5549
13410
12212
15246
9236
9278
12286
4628
12369
18748
4835
7309
10211
6561
14064
13325
13727
9839
7487
16228
16391
14826
16022
6863
14045
11485
247
195
8452
12428
8277
18058
334
9892
2662
18518
8175
14869
2864
5769
5330
14578
6986
13761
3402
7652
8642
16545
9084
7
5962
4645
887
10855
8876
4337
17929
864
16659
3175
5161
3015
10099
10524
17990
8742
3920
10736
3559
6330
399
5943
2743
13511
941
4714
663
3653
7132
15543
2972
18246
1208
2804
3762
16202
878
6072
15613
15706
3404
14611
5059
356
2825
8628
1558
10057
17268
7640
11225
12873
6302
11196
14128
8567
14512
6460
11648
18244
14154
5201
17560
9778
4157
7130
10367
2689
4412
17854
7298
8887
5274
2682
5158
10113
5772
1238
3316
3900
8668
7895
13247
12327
14771
12242
9298
12907
9632
16071
2327
10467
2395
3945
9186
11602
2134
5341
6025
3134
4507
14536
3899
2
18094
15953
5010
8309
3428
15016
10876
16500
17828
4154
1854
377
3012
12680
2630
17284
17953
580
10090
14058
2204
12699
9578
16712
3137
10505
11029
4734
8602
2806
2119
17221
4266
1516
9050
18422
16568
6100
6769
3814
9570
5630
7008
11721
15390
2237
8273
15097
8475
2893
6779
8444
3960
8706
1895
10401
11241
9871
12921
14428
15846
18389
11858
13796
18721
1454
12085
8264
10022
2406
8907
3268
2919
3369
316
18507
17830
6168
6931
8854
16461
8498
5268
6794
4257
14422
11022
6950
12467
10321
1540
11564
17316
6805
10593
8699
13733
1483
2523
756
4572
18345
12087
8774
7542
14106
4752
5780
1104
15997
1611
14561
8954
9535
9623
7467
16724
11538
16967
10466
14164
10137
16740
6872
2522
938
383
4654
9895
15193
2142
7480
16588
18310
10475
6597
10493
14342
11548
17095
8089
8006
17437
14339
12600
10486
9858
8905
510
16846
9594
2045
64
4042
11370
15498
14449
5984
17469
4490
4813
9800
3427
13927
11035
16511
2594
3515
8140
15920
2382
15786
18130
7578
5734
11458
6616
9474
18327
18502
8023
15836
14599
2198
4232
775
3522
3174
17610
8099
2727
18048
7133
7823
1959
15386
18095
10068
10772
9467
9576
15502
9940
6909
4610
16324
1362
234
839
2741
3595
418
7176
3442
11267
17368
10650
2275
419
15976
2721
16465
14076
13432
13414
15072
9326
16429
1504
3344
967
9840
17685
5639
1671
18319
15788
4878
1667
14312
7983
2507
879
14024
9593
4999
17950
10578
4124
6137
5973
5823
7685
12950
9904
13515
18348
8347
10724
15156
11868
8421
13400
4937
12825
8857
12771
9751
1227
5451
560
18097
1388
6629
7122
4603
8409
9297
17052
17888
18477
5206
1341
9559
15747
11521
11074
792
3386
14437
13732
1501
5331
189
15939
2292
14974
15189
16244
16
8796
17242
10837
16120
5421
17570
2297
3537
9085
5507
7629
3274
845
7681
12535
7902
8900
13885
6319
17201
10923
12941
2368
5656
14491
15691
5859
16852
8035
957
15715
2301
14927
10039
16167
4238
13868
10140
10025
16458
4865
16650
13976
10521
3017
15666
14075
441
7929
7619
15721
3133
8083
17203
9129
16111
1379
1908
1235
16867
7549
4454
7856
5541
12961
3077
4203
1779
12611
9193
5222
13436
15251
18701
17913
3273
14093
15568
5106
7827
3269
16115
5479
10803
16782
7887
12443
11827
7996
9346
6037
8185
10750
18242
89
18542
1882
9655
7573
15461
9431
13846
11116
4614
8556
6973
17638
3701
11621
5203
18723
4690
4881
13639
3406
18072
12230
4152
14325
5026
16112
5487
11057
7346
1459
6656
17655
3999
9834
16672
7293
7003
16001
14556
17477
2514
1481
17794
2729
14720
12384
17809
315
16968
6244
3775
11627
12322
1138
18100
7421
11917
9445
576
10523
10242
7252
15708
6660
951
9662
8117
1068
17582
15965
17143
15200
8729
16936
2681
9863
17202
18237
7743
8912
15560
7165
3513
9296
13506
3118
17109
13011
13039
10290
2157
6442
3370
4970
15521
14468
14856
14832
12052
753
17624
7356
12107
11945
18036
851
17296
4486
6305
16909
16495
3230
495
16198
18466
8496
12238
367
10637
17645
13327
16396
4563
5014
13686
16213
12139
12893
10498
14344
10088
15887
7606
18234
10477
7581
11698
13397
17275
2974
7405
1086
2549
7113
11848
17153
12157
2798
11034
17512
10229
15640
9718
930
16344
18213
16532
13158
16906
16091
17773
8555
6446
14633
2787
7621
798
13683
10422
8984
18227
16790
1543
8248
11946
7808
9709
4296
17948
10065
11270
7772
912
4627
863
1298
12486
3122
8844
4037
7236
15176
14548
6461
6868
1969
5752
14672
1222
2285
11161
3615
13340
2506
7650
8049
12331
448
594
916
17721
15507
1118
15746
14574
18513
15435
1283
9990
6815
9058
6849
1523
18579
4339
17836
16215
5180
18385
3848
17225
12671
2960
6590
6957
16554
6824
1294
10917
16224
662
13161
11075
15857
2205
2586
3044
6954
271
7632
16449
976
1533
6907
4011
7612
5332
14296
6876
14173
9316
13859
5124
8805
7460
14639
11420
7285
10276
16705
10176
10547
4987
2764
14111
7553
2111
2164
1661
9169
5369
9354
6383
18543
14555
1883
10328
17656
8981
2431
13715
17943
3904
1356
346
3187
7244
2938
2935
17872
15598
9702
5913
7206
9592
3572
6785
18511
17899
9647
12888
12195
1625
12009
15208
18503
12033
10416
4019
2461
645
1616
8545
14945
4398
13276
5260
12484
16957
11234
12027
9687
9484
6965
10185
3951
8872
17248
13620
18231
754
8059
13788
12005
2344
5063
16869
1262
12965
11280
12523
6780
7864
4675
2659
8365
9558
2799
7657
17702
2077
18642
1905
8203
3374
15398
16815
14066
16023
4743
277
11923
9066
1953
3222
14389
6752
9483
16313
3506
15069
12287
13425
6770
17821
18255
5377
17593
3228
3371
7962
7234
1985
8915
16551
4641
1871
2386
3785
13057
1088
17279
6557
8007
618
12736
18546
12604
11347
4873
9985
5195
16372
13179
17458
3719
3890
7968
4978
5866
1370
14031
2252
8829
771
1750
14995
3746
1648
1134
5245
6170
802
10542
10098
13094
5807
6836
3694
9563
9096
2814
2579
1752
17777
5277
6580
11974
16749
8936
18239
11375
9239
2160
9877
8713
205
4932
10981
15254
16512
10343
4619
5442
2339
9197
13354
9927
16177
17045
11403
13450
11031
5281
4861
1784
9160
12142
8576
1698
6550
755
9551
8401
507
10441
14842
4849
14662
14231
8909
16655
17971
16530
14042
9665
12706
12956
14220
15952
6908
1560
10363
7249
15859
16361
9653
13192
7536
6782
7691
13172
2801
10437
16235
13682
10032
5849
10307
5200
17137
7052
4372
9835
8398
15900
17171
14569
3196
6489
16686
13341
4226
14653
1374
14278
17148
6404
1498
13912
4591
5582
6412
16929
2392
18333
2611
1204
11956
8135
7110
13575
7489
7767
13246
14497
17966
4991
11166
18708
18219
16199
18448
10568
5800
1745
6684
16411
5333
10560
8057
8732
2554
7391
8964
6777
579
15998
12836
13398
2089
10661
7909
7152
16335
80
10687
15913
13694
10478
16747
7588
12291
18011
5322
13073
1383
12285
14861
452
14096
10921
5217
4178
10236
17844
728
8524
16661
17901
339
12987
7021
14608
3284
14752
11987
16860
15392
16628
10871
11135
11914
10534
13032
336
5457
18420
1939
8948
18381
16058
10246
9041
12094
5963
8966
5677
13271
523
14980
17240
1071
5607
15938
9265
5309
11676
1013
15311
7105
4472
8663
17909
16322
10037
1532
8094
13036
9487
8487
973
11155
17920
14976
210
9039
1605
1595
9828
9259
1212
7086
5420
16798
18075
16021
3601
7868
7734
18746
11167
4316
6694
7720
15351
6148
2330
3387
8674
17479
16874
9952
11586
4268
9149
14509
12434
5521
5093
10529
17531
1456
15509
3596
10081
7184
18186
4012
7821
11137
2624
10341
11829
17291
4856
2201
12454
14089
5605
8142
16288
10962
8345
1439
18086
11562
1947
6488
18586
15870
17865
11887
9071
5532
10206
10353
12581
16304
7670
2688
15368
10608
6469
6591
17730
408
1035
14786
14788
6475
8516
4883
207
1738
15482
18631
10274
17500
3429
2909
9915
3896
11056
7220
11239
17575
17444
1217
12503
6745
4441
15348
15899
12734
12034
7415
3181
16055
2331
16829
18114
7240
9378
9178
1804
3302
2881
6593
15098
886
15775
7274
17217
8001
2946
5615
4668
16818
12008
8029
6087
5470
16289
6778
10330
13245
10929
11623
6496
920
18640
4767
1455
11999
1792
628
8027
10404
15048
10136
2813
14243
7950
12698
11252
1038
9973
2034
12267
5446
17576
10629
466
15429
3664
12908
8711
14900
10864
145
6264
13358
13731
13973
10272
13003
8476
13865
13959
13674
15742
3786
7201
4755
16191
10838
12185
11709
13518
15989
3565
6400
10191
8712
1304
3952
7221
17926
15428
7041
14457
129
16987
9918
7503
18624
18144
1466
18687
6295
18736
7719
14579
7214
14434
15184
17381
10588
13019
13153
5031
6332
16518
9374
3278
14179
302
2540
7380
9234
10883
7690
6993
1610
2558
14486
11027
16121
11630
2537
13373
524
2210
5574
390
15279
14913
488
13053
18682
5099
6534
4392
5397
15420
6569
10658
1507
15480
15674
3740
11932
11421
18431
528
4477
16270
15258
12036
13218
18099
10840
17420
13137
1120
12565
16945
9244
319
15961
18134
17732
14311
6123
17399
12547
6994
15333
3571
1360
5390
8480
5717
179
11358
15015
15510
3919
723
15636
648
2726
12663
788
16644
91
163
12841
16081
8700
5221
11364
8585
11590
11067
12850
1924
2979
2427
3426
15230
16148
6972
13145
9624
9938
7063
11796
16550
3313
17164
17486
8659
10006
8431
4289
18194
14818
18641
11620
13149
2025
14384
17981
8174
1967
16032
1005
650
601
3054
4684
16238
4764
322
75
12092
4886
18560
6154
12758
7926
16589
15777
13471
18453
15603
14515
3673
3946
4340
3148
18654
6839
15078
12767
18430
8681
3300
8766
15477
3082
5177
16698
12741
9486
6447
990
4356
16692
1100
11695
14310
7491
6385
1467
8836
4222
11439
7235
5218
6135
8530
8725
18356
11828
17069
9029
17449
13349
12261
7537
17176
14758
7208
15077
5803
15245
4626
8963
16155
4055
6749
18026
16780
15865
1032
329
8982
8098
16452
12451
13588
11078
4419
15454
17040
9677
6321
6997
18724
5759
12353
16822
3180
5467
12131
7722
3778
4822
12644
5024
6898
8776
4687
15349
1718
5224
5681
2853
17103
3170
13811
15407
8044
333
6426
572
6258
3440
16046
13551
6110
15000
13745
11516
5945
9673
6530
6291
5669
18366
3981
11334
12809
937
9377
3356
16300
2486
5826
13405
14879
13222
7049
13210
16618
8334
9930
7548
17325
954
17596
10155
10439
2391
9061
17785
17793
18306
13289
17563
4467
15110
17119
9476
11453
5736
3168
18236
1573
12878
14630
14645
12821
11308
4089
8894
2435
3827
11377
12254
416
14631
17682
8610
2199
4982
4642
14070
3923
13111
16337
16880
16897
14504
4787
16817
7666
15031
12450
8840
18159
929
16425
313
8357
2939
1301
12462
5265
5238
10678
280
1593
12585
13445
14664
10135
5659
16687
15303
10169
16321
9659
5410
7699
2357
17372
2588
8941
4305
7840
4414
2914
3237
5230
4976
6577
10349
17667
12255
3586
16771
17271
6763
3714
477
13794
12298
16584
11818
1428
13012
11156
14836
12235
15727
13834
12203
11679
2049
15994
12517
14090
7259
9829
11712
2834
12165
4242
5533
12078
5404
6654
2756
18335
9732
6355
9367
18125
17876
3613
1517
7054
17813
1645
2099
13347
10725
7914
17163
18607
9779
8494
3203
9208
13339
9037
17779
6000
3459
16572
11085
10714
14760
12634
3391
2305
8758
14553
11928
17532
2300
284
4504
9410
15754
17022
15940
13252
5590
15837
13559
7318
396
14109
16660
14989
10133
3238
8819
14398
17237
9330
264
11090
18131
9328
2348
18424
4135
9682
10427
3756
18087
13489
9536
1024
12983
15136
8879
11604
9233
6471
1828
8288
17628
18379
1055
2058
7678
15628
2044
1812
3229
15888
12032
7061
5644
6288
5889
5391
7058
10590
13968
11913
8149
8939
11857
1604
8201
10225
2110
13066
1239
16542
2064
6726
8771
10175
4342
10062
1684
10148
14539
13008
2411
18270
8676
3090
1766
1930
6425
3467
14022
10793
10241
14221
2029
16791
9598
1981
3335
2499
8661
340
17706
9836
559
7017
16813
13280
2546
7692
375
8368
15088
16824
5476
11005
12533
1675
15187
11502
2685
3838
7091
10665
5456
13785
14100
15876
10867
1197
5089
7824
2159
5305
6817
5137
13874
4417
376
4214
6415
1400
11247
11384
9136
4346
2122
12802
12896
17130
1218
15937
14087
17708
8835
6643
13675
4233
7648
968
9528
16282
18228
9654
17580
17840
2372
849
5157
4438
18344
13720
6816
1000
5242
909
11324
6089
1453
18084
10317
16000
1762
15175
11992
8618
4105
14877
674
1756
7568
7533
16271
6831
17578
16073
9584
4733
1329
3033
6883
624
9526
6700
10806
13779
6910
11554
17979
3009
11762
7490
18311
7541
4281
17120
1044
7302
2677
2211
7109
11051
904
2167
16105
12675
9790
807
13712
9736
16004
15218
7786
6724
16279
10957
7975
1053
17879
18590
13237
6693
16160
11245
15495
9306
15886
12975
732
16281
14119
11396
8753
12917
5529
13463
13531
13269
3825
11854
7248
873
11451
15750
11517
8394
13967
535
8198
12076
5251
16311
378
8935
6453
13870
14938
3722
16493
1860
16925
9581
5032
6525
4624
5930
769
6408
6140
3445
5111
10394
10131
3681
17232
2900
6631
14552
3043
18283
9420
17462
2283
3622
14952
5339
8719
17199
12764
4279
3359
14748
6742
12155
11931
7438
13526
10500
16413
4041
5836
7550
13495
3614
16195
8020
3661
4847
16034
3793
9832
17898
8329
13795
15314
5653
10105
17111
3262
6663
11587
6554
8501
17147
1980
14345
3737
17561
4262
14051
2498
2145
9436
10129
15318
5809
7125
17049
7433
15499
6599
7137
10537
11815
15040
6712
13214
10001
15114
9247
8581
14424
10692
2296
17131
14432
16375
3224
3916
12119
18686
13448
7989
3334
2380
1803
9949
17154
7579
15573
6441
17134
6370
5264
12461
4433
14186
6267
15810
6601
11378
10059
3647
12136
726
7583
4860
10015
15149
15930
17015
17251
12492
17823
347
11206
4434
6940
135
8807
1361
17714
4300
9957
9173
7512
15646
9225
4806
4430
11184
18189
8708
3443
18478
5306
2818
13125
7977
3206
11
16508
8308
16347
5860
9415
2024
17601
17398
9663
7711
10013
14217
12861
4779
18268
3781
9691
9384
7116
8582
11757
14554
10673
7199
13223
13257
14313
4110
8112
17383
3751
5528
4039
12019
12114
8962
3967
9242
14983
9685
5139
7987
14401
9939
16303
1372
680
12021
2033
15928
862
12877
12596
7024
1445
5850
2166
1107
14489
9885
8148
16119
9261
16184
7928
3003
4935
1335
3159
15172
18382
3031
15169
14951
2926
8462
7799
2141
6467
13309
15512
3584
1910
586
5743
3378
7798
3698
15787
5127
17010
18564
10901
6536
5434
8230
17347
6765
13454
9869
1510
8084
17035
2310
5899
7866
7624
12953
5055
6144
15634
18501
13877
7261
5912
16893
12453
10067
874
187
1708
14513
10120
6022
14338
13756
9273
9343
9101
18014
9042
7673
18251
9240
18337
13384
15025
2328
5070
13243
10920
10473
17780
12607
16599
11569
11303
5116
11467
13241
11699
18321
4092
6237
14908
11142
10961
5120
15690
5373
16733
5166
6254
943
10518
8358
12424
7877
1906
6989
14953
3419
16382
17676
2424
1657
12520
6015
5229
15211
13625
320
246
14739
3172
13395
18254
6877
13234
14655
14300
7531
17110
4147
10026
15758
5512
6278
14247
2187
7446
6867
5745
2928
2304
5701
11048
614
3412
6650
11400
11567
12313
13162
875
8658
9926
7136
9406
6704
7849
10620
8416
1802
6136
9127
6795
7906
10406
13433
3859
9846
8870
13577
16054
10990
16609
10718
556
15294
10672
11734
4028
10791
8946
13302
5232
3863
5344
902
3747
18235
2680
11305
10102
11101
8461
3934
7676
17138
15196
4773
6011
705
13986
10380
5837
5499
4227
15950
8537
8579
16553
4004
4309
16263
2458
18621
6120
16784
11033
8803
8220
9004
5522
16715
3100
10951
18151
11283
15835
8506
6494
11906
2859
9675
1913
1059
13672
11896
18207
3468
3529
9979
6531
14136
2967
4545
17219
4909
7365
15911
8822
8469
12540
9744
8286
13009
10267
13127
9882
10892
15325
15934
15549
3367
1381
3253
16623
652
14768
4669
17317
10429
5313
16505
14610
17941
5816
4378
5226
6439
589
11236
10787
5694
17805
6710
8853
2902
1949
18110
2376
4219
17123
16102
13938
6826
17911
18530
359
5779
12418
11915
18733
12998
17190
2770
15075
4220
16142
10027
7513
9745
8950
13601
2831
1263
10165
5518
18354
16486
16267
11405
7680
13560
5320
2214
300
4570
1171
17568
6707
9527
995
16529
4840
15834
13741
17750
12636
8303
16044
11706
18153
15128
13112
14959
8393
13546
11904
547
3836
464
8218
14543
10943
7828
8081
913
13924
11541
6006
5783
66
8606
6766
2672
3897
11867
1720
15670
15862
6340
4189
17819
12541
3510
10333
13704
8250
2757
10002
10072
4072
7260
17769
2245
5437
6180
15152
7150
17713
3941
1685
3158
7457
4153
13370
12393
11835
12180
4195
15711
3550
1069
18584
12554
5349
3772
9364
2358
12732
15396
5134
11499
17540
16680
6240
14213
276
14200
10164
3898
11678
6313
2981
10010
6500
9189
6476
5555
2626
7258
358
4186
15541
14814
8182
3207
11282
3593
16681
10403
15902
15933
1837
10381
14846
1622
6970
1015
18419
5927
13115
10775
13462
481
18440
17782
13056
16576
4519
2347
1874
2021
17173
16348
7932
844
8785
8341
8122
1696
10424
7570
8189
13718
8214
8786
4016
11908
9263
18652
15090
12804
11271
10156
14367
5660
4158
13129
5184
4288
6484
4010
14860
6352
2819
7430
8565
6010
18393
9190
6427
11937
888
16759
16688
2765
1888
881
2224
2140
6655
17431
2651
1308
17812
2835
17747
14161
8575
5672
5667
1509
14592
2708
7796
11747
11068
10640
18172
18031
13921
16905
8720
8728
16074
9428
13576
10250
9245
1955
270
4049
8550
4825
13922
914
28
1659
9645
17552
2178
11617
4025
6273
5604
11657
12621
14171
2885
14170
13461
1783
197
12727
709
13167
11316
16695
986
11087
10646
14160
6562
4064
2240
4456
8177
3771
6318
13751
12981
8515
238
1280
9287
16535
8885
12429
15967
10950
10814
18367
8573
15408
917
11193
14729
326
12851
5250
12317
14870
6371
8418
6283
15426
632
6844
4350
17516
2484
16329
17938
13004
4877
8522
10149
10228
16682
10904
14346
13224
3592
15113
2118
15537
12117
8390
14590
4247
15317
7879
7314
10682
14053
6064
9290
6933
17140
6635
9620
2851
17731
18526
7551
9137
11318
3926
782
17465
15224
13233
8616
10561
18476
4136
6479
15255
7431
15171
17116
5894
1126
15131
13529
4961
7862
4958
8443
18451
12844
6107
7969
8544
5951
7203
3736
5371
14234
9752
6946
3608
10633
9542
12147
8260
1099
14103
11198
6604
1640
7374
13830
14803
8079
5702
8920
6365
15410
13833
14626
4291
9872
3630
6627
1421
6304
5937
9851
17934
15905
12265
3319
423
6622
15725
6297
2622
12816
6498
17889
10624
1435
16625
8302
14749
9069
11969
17429
16637
11603
13352
18045
11792
14792
17124
8459
16571
16357
11639
2892
10723
4213
6392
8370
208
15936
12051
478
6964
6098
8202
9733
6468
11055
13435
9843
12931
6491
14628
14044
18403
6720
14525
8382
4832
4187
3883
5633
6967
12425
13052
8133
17156
15704
10648
15542
6837
15702
2418
7972
3105
7228
12149
13080
2408
13291
13065
16018
11863
18022
1406
14668
1960
7038
14429
1635
1490
11369
1615
1642
131
13713
18462
13037
6918
2547
761
14831
7815
18127
4692
4071
14223
16750
2009
7668
6001
3103
17720
12108
8797
17485
4643
2485
9366
16319
14440
14084
13578
9094
8106
12080
5129
7185
17304
15328
7930
12934
11682
11666
12478
4062
3834
5838
2023
5572
11924
7867
2760
13363
7449
14380
3234
9033
2083
5501
17528
13855
16848
6912
6035
11038
2572
6394
7098
7034
9585
13447
14478
4998
10544
8389
13992
12183
10546
5915
17298
18173
17663
6737
3310
8804
12133
656
10719
3457
6128
14469
3026
12899
10807
13316
4644
2841
119
3895
6122
11579
18395
13944
5603
7292
18057
15730
12718
15555
2601
5515
17
12060
3948
14001
18214
13239
1754
11952
4576
6111
3582
17733
7943
3641
10283
2183
11336
1153
10339
8279
8812
13822
17944
1867
15035
1889
15919
15761
13878
4466
8721
2381
13464
8415
4005
1623
10499
3239
15794
11649
2866
14685
1313
12468
2976
10783
2845
4798
17238
1681
4029
2144
15092
17273
13361
9497
12924
8666
2434
8769
15070
11632
8173
12153
7310
12126
10332
5940
2657
4588
10753
77
3062
7575
681
18080
12130
15022
13738
15798
16755
15225
8364
13752
14359
4379
1387
1303
14798
15743
16165
17999
12068
7401
4639
2373
13428
4558
2453
15828
10934
3028
1270
1887
2491
5295
8635
14242
10311
2596
5040
10778
5861
12231
17968
4691
14005
173
2075
5299
8748
4111
7461
5105
13484
11786
16595
6858
1725
15945
1295
4670
1497
5835
9742
2388
8477
6251
7730
1484
12546
10851
14774
1840
12770
2443
17200
7161
1474
14477
17585
18534
1043
7591
796
2195
13183
7793
10654
324
3498
10591
3242
9704
12270
16137
4413
13819
16370
9172
3327
4564
12426
6661
6692
4574
9314
9010
9482
18363
12591
6034
2109
9214
10373
12580
10386
9163
15213
18025
5788
2820
10937
12249
6983
13150
8154
11878
11700
9017
16627
11588
11673
1814
9432
18442
1880
5075
10234
8287
16387
3361
14537
11297
17067
4377
1073
11979
6981
18297
436
3466
5952
17229
11440
3847
2078
7172
1893
16999
11628
12417
2277
16811
9344
10089
7787
5065
3703
11717
533
2694
18714
17224
11386
4299
13332
15270
17652
8739
10354
14597
4812
18009
14587
8520
13792
14320
6027
2785
6992
8882
16896
87
13152
16201
8483
3776
12319
531
158
11530
3721
3497
7359
11480
8
10727
7485
14262
17594
3130
15838
201
4617
5704
5484
11211
9606
2850
15863
11081
5922
18547
10715
1951
17276
14589
12191
5832
7399
639
5108
16126
6809
8794
1284
6697
17662
11104
10533
11701
3956
15732
3216
3024
12244
6864
4760
14113
14059
11794
16379
281
13824
11275
8906
3260
4585
11980
647
14289
15091
11268
3739
16845
8702
6430
2335
3879
838
10263
17161
18104
5370
9153
2589
6157
216
9825
2843
14430
16911
1449
3726
8108
14276
15456
4440
4580
6191
15728
3271
783
7611
14568
4491
10980
9817
7935
132
9504
18428
4264
11278
3474
4442
18727
13064
11592
18357
6520
1451
3674
5091
12196
14583
17768
17936
14395
17916
4181
4347
16656
8419
13897
9301
13983
7173
6063
311
15124
12402
2854
7915
11605
2401
14097
13171
13764
4951
12324
6289
4774
15296
14741
18593
16315
17088
5658
18098
17905
10392
2766
18042
16415
622
6429
9112
13579
3463
3606
1252
11719
8243
13235
7973
318
13645
18479
12847
8943
13023
7004
11383
2061
830
7313
15778
12383
11694
12629
18329
1584
13492
13621
6571
10812
4818
8599
6774
16145
16537
1273
18400
11325
13835
18556
4093
17441
1293
3083
2704
13295
5235
1130
12273
12373
3394
11219
18117
13412
960
7811
12709
7042
6396
15602
4067
6953
16745
8223
4786
5301
3505
17671
3679
108
1545
2880
1165
11117
16729
9329
7357
9968
9228
9611
17104
10421
14835
6250
2876
11949
2953
7688
12839
3856
10092
5513
10266
555
7933
5358
8186
9182
11256
3779
15529
5559
1007
8439
3014
9569
9899
15119
17842
4911
17636
12685
12138
14227
5207
6483
1727
13394
5784
17959
7197
15496
9142
2027
13507
18017
12769
11803
6005
15879
13038
7081
12010
5880
16153
12464
18516
3381
16029
14730
7949
10908
15692
11409
5933
7769
17511
2038
13690
17025
4517
17042
812
16469
6796
4661
8823
18463
8412
17036
10742
4744
175
17510
18142
33
6101
17267
1513
9889
6395
8654
13533
3363
10709
2791
7390
18047
11185
15581
4075
14535
17417
3966
942
11008
14802
16345
7633
5657
14772
10918
6723
1492
15440
10782
804
6418
14999
12559
16917
13350
15687
14163
9532
13497
18293
17343
15981
3986
958
12274
14360
5817
13043
9289
5368
2744
9707
15559
11692
6104
136
16041
7944
17146
17393
7256
10316
1254
17957
1340
12299
2274
4940
16141
7231
12574
12401
529
7033
1730
6373
4656
5726
17488
15062
8645
7465
9586
505
6646
11014
17796
13030
13175
1965
15334
18461
5822
10677
18096
144
10528
17632
7083
1904
1764
15127
16502
6845
8183
5398
11327
11430
15972
6309
539
13665
15466
18629
2701
14891
14198
10132
11173
1995
485
9978
3277
12435
10994
11897
9626
12843
11287
1736
12602
11776
15261
16446
1712
17509
12069
3533
5802
2504
9201
5044
11291
12693
5103
1771
2999
10170
14770
3336
16843
8671
12427
8366
3500
2046
15530
6952
7684
9821
2718
9552
11710
12367
9884
2991
12881
9264
7825
5167
6812
4083
8210
15061
9640
18735
13925
15793
7738
6594
7631
17361
1157
2223
2428
6173
17824
12986
7891
5628
4405
9310
1833
12210
1042
5746
11371
12766
9890
752
1056
16076
2325
8195
7697
725
6465
11542
13114
13762
1585
13676
6142
11820
13017
11269
17658
15116
11047
12501
14531
10798
12408
14697
7789
11851
2822
893
4429
15968
16381
14091
14853
4852
7470
7429
4892
14844
2674
13530
4276
11285
7774
4730
17606
1963
10423
177
1174
10366
10953
3688
14828
7306
14212
15436
7707
8528
11494
18487
5706
6892
17389
8246
9870
12436
13862
394
5419
686
4676
18639
5673
9605
11265
15923
7100
7760
5709
715
14155
1918
980
11731
15924
865
15319
1300
215
12220
6234
12790
15188
17763
11050
5967
15949
5225
429
15027
8815
13957
15643
1790
16499
4492
15659
2771
14255
3414
18638
16098
1495
7131
4267
1970
443
9271
5022
17030
6293
669
15506
8619
9723
2226
6885
1054
14433
12297
13709
7040
13284
8795
4373
13482
9529
9461
1202
16789
11479
5869
2249
6947
3286
735
7094
3912
6390
4057
15292
2429
6781
1277
12714
14862
1215
16610
4753
12635
12874
712
14804
13654
5254
8670
2989
12350
15375
18355
17600
4483
15797
5776
11967
13854
17850
18568
2047
17932
697
1822
13365
14975
8054
14940
15170
16590
8197
17092
5969
16438
6012
111
9147
8324
17059
3727
13278
18304
9514
6470
117
17226
8332
3621
10123
10249
10444
10016
1191
3749
15340
10197
18046
2556
16995
18116
1868
14813
12237
15583
4129
9134
13335
12202
11963
519
458
8009
457
2745
1112
15709
7951
14830
6437
4470
15206
3416
14800
2683
14188
8566
4138
17507
9893
12363
12716
8171
537
18079
1472
13256
8111
9775
1689
1319
604
15833
9087
18730
17917
1815
8053
8002
16158
7880
11558
14271
8234
11170
5425
12015
1064
3521
1722
10483
2163
6853
9211
15497
3877
13829
14385
5142
7859
3546
11059
11251
9878
12512
13522
17233
8208
2476
8890
4144
9757
4874
5430
15586
8340
10800
6349
10481
17377
5566
10861
9676
13015
9246
4599
2828
6804
7781
7700
4554
14895
5829
4929
6141
9036
16388
282
5570
12645
15813
6079
10565
2869
16725
15889
18296
15081
4792
7693
3667
13657
843
14728
95
4673
14811
3720
11473
722
6121
11501
8883
12479
1599
2102
261
8664
10771
3461
18522
18216
17886
6706
16456
16439
7344
940
5897
11361
18737
15960
11881
3496
4173
2186
16196
18545
581
9966
14585
12971
2015
1596
16292
2584
14121
10862
2253
15861
14283
14373
15147
14018
4143
16717
6206
99
15020
11873
5651
13423
12296
8067
12103
11230
16718
17778
2011
4499
9609
15103
4251
13140
5378
267
8270
7594
17493
16634
5355
18317
14447
10179
5905
14285
12361
16086
10829
15106
16973
2053
8525
3642
3501
17334
11893
12763
17892
9557
15382
2786
8757
10174
162
2927
12657
6227
3788
15511
9970
13014
18128
1551
4026
16696
7319
3638
12095
1060
2352
16934
11671
18628
12658
9956
17781
10843
3669
8484
18174
16510
16888
17280
10435
10731
9359
870
11741
272
10482
9425
12553
1192
10697
6279
17319
9426
1733
14841
1017
7689
14266
1636
13107
15228
3808
10040
12753
10167
14081
1709
6
11909
7408
2107
13424
4371
17700
6538
6734
4409
9816
6662
44
3717
2100
5855
10458
630
1096
4777
15710
2121
6298
10374
10535
16803
11565
4304
11224
14990
10127
3471
12388
13143
18336
5936
1813
18681
11250
9589
18107
1561
4366
14641
16998
12814
6665
13746
18005
13900
5194
14487
7834
5243
9983
18743
2870
11950
7068
16507
3194
1780
11821
14896
16974
16075
7569
3800
15990
17629
14701
11742
18028
746
13101
5239
11259
18181
16473
611
4805
13948
10820
10882
3330
8636
17328
17949
7785
15336
1186
2326
273
288
10100
9349
10885
15633
12820
12884
2494
2788
10606
4659
14427
797
5047
602
16800
7736
11615
3357
225
13954
6066
11129
17985
16092
1309
7140
15237
9772
12980
3408
8858
1688
4539
7246
7593
8427
6634
12125
5365
11647
5401
11531
8478
17602
7994
4183
6788
5977
9958
18054
5828
7463
9051
12328
15764
8003
16385
659
373
1386
1613
4829
11317
11158
1992
14354
4274
13371
3659
18661
17460
5084
1431
9667
3574
379
11095
11853
14458
9091
9472
18323
3845
8884
5948
2692
9859
6504
17741
11016
8947
181
5872
7060
5121
2180
13385
14288
6748
14623
11428
921
10205
4662
714
8168
5999
11221
3942
11798
6607
12696
16002
9226
14871
9408
4964
18592
6431
7471
18561
17752
3362
15161
17367
16341
17984
5148
12568
17608
3556
6287
11903
11100
8846
12954
10446
4241
18089
14696
1170
15248
3163
2912
1369
4839
608
1123
8974
2632
5981
2519
12280
9523
10636
2497
17428
10409
15207
5683
17716
5117
17622
4934
8696
10255
13852
17833
5396
10553
4623
7590
2273
10942
10254
7618
11340
8993
1630
8312
12269
11395
16569
116
5471
15907
5272
15500
6050
1775
17515
1747
10512
1917
16838
6449
9819
14431
15991
1632
11529
11469
3540
15309
13904
6717
7871
13377
4918
3652
16946
14153
7280
4338
9700
9964
4292
5029
11260
5220
447
3111
7085
2298
6670
1705
10468
5629
12536
11959
1087
1873
9699
14785
7029
7419
14140
12489
616
12304
12569
6113
8594
16604
4176
3936
269
9140
4578
17659
463
17717
3232
7963
6874
14008
6893
18704
9629
1110
7843
18308
11379
14686
11441
11276
15142
5777
12777
660
3700
15265
2602
12993
3812
13392
3594
2235
569
15102
2026
983
16066
8424
11831
18706
17810
10144
596
9795
2986
8391
5617
3475
1603
15681
1002
696
1629
437
8918
6486
1412
7304
7468
212
14591
866
9098
13743
1686
3486
8662
18553
10447
2138
4933
15105
12105
8371
14110
11644
498
15811
4884
17387
15402
15013
12316
4724
16593
4869
16669
14503
12156
10854
13016
2478
3789
7729
7878
3974
11462
14573
10382
18738
2667
217
14921
48
1185
14637
6147
11281
15278
9230
9705
7204
5104
17554
3631
3244
6274
16989
8863
13005
12482
1258
4962
5914
8073
11936
13839
2582
3248
11098
4048
8346
1633
4821
10134
17166
15285
3799
10626
7142
6506
4903
13564
3994
14529
9305
7099
15760
12115
14897
13367
10545
4097
6974
10907
13989
6451
17643
13898
13157
7762
15166
15286
2513
1462
14120
13010
16761
6497
10841
9156
10583
9401
7288
18156
16264
465
7381
2290
15419
18226
8378
14261
12465
3655
16234
17365
16192
13789
6299
11054
3306
9573
16581
15049
15462
15799
18410
3583
7064
10076
16898
5581
5514
184
3219
17792
5159
11790
6613
16346
3704
12864
14079
14660
4235
15647
7745
18269
10359
16152
424
18284
7006
5356
12239
8289
2838
3597
13474
4914
14829
5261
9540
684
12991
1194
5036
7466
9520
13550
17311
7671
9433
5048
1665
2006
14013
15896
18572
4359
12229
4408
11131
7948
3193
10607
10987
12515
17644
16730
2314
8281
17031
6886
3439
18247
13304
6818
10559
12525
18238
13804
5705
9336
7002
3007
16772
11681
11373
5989
6751
13896
2995
16108
16523
17604
14483
1644
9894
9554
18287
17115
1093
11449
17758
12901
15165
17679
9308
4320
12510
3792
10340
16419
17791
7326
497
17615
5646
8274
7453
11662
16775
2129
1350
1040
8517
6077
90
14661
16738
6375
12852
12
1465
15130
12387
3744
3610
14382
18644
12923
5486
14286
18118
9141
4480
3672
15414
5490
1288
14674
6644
7820
14052
3030
7888
11069
10910
18525
6043
8413
6798
5069
2002
18154
17151
5208
9522
15094
18449
8485
10448
18684
2646
10130
2278
1470
16426
11880
15104
18286
18459
4422
10627
17107
6913
16921
154
3620
13229
11329
743
13231
16832
2861
15467
3735
14659
295
7177
9494
16016
9599
10971
6937
10969
6398
4018
10691
5804
12966
7920
9124
3795
8955
14801
1480
16353
3476
4704
9710
4596
8319
1034
4190
1371
6666
12281
14099
12360
5367
15524
2915
1503
4698
563
18090
17414
17795
2524
16708
3223
18413
4612
9517
2320
7386
13156
6862
2658
11471
1097
8388
8164
7586
16748
970
12423
11470
6719
3390
10331
4209
10224
18001
15257
8709
8375
3950
15623
5182
5923
7669
385
1830
16746
2260
8465
4568
17188
11629
2891
15652
15528
13079
7082
3078
12793
4229
10699
8685
18635
14037
2571
9321
876
1156
2493
3917
5131
10721
2324
16392
1389
14073
12834
2753
757
14023
14571
12168
1773
16172
7051
17501
1046
18343
4109
7119
12028
8893
11670
12720
1724
2071
7072
6268
1590
16864
4494
2580
8360
7595
13459
10801
3869
17405
16926
9868
8455
14379
1634
15806
2552
8161
6041
3707
8615
17975
13964
3558
17230
6482
364
6586
9614
15525
859
2969
16879
7036
12822
5619
3635
18540
17993
4571
6474
18551
854
8867
2135
1578
7437
1881
8369
9371
896
14698
1458
13650
5443
2492
15453
17155
4981
14979
8215
3061
11715
623
10615
2464
13045
14550
16374
5394
14376
5351
12870
17056
3016
2455
3491
9974
13130
4912
14957
16362
10248
15551
3759
10968
5388
17722
5825
13274
16587
14355
4423
13409
17061
18707
7369
16308
13979
9489
4972
16406
18585
4527
16317
7425
1095
15925
2416
8446
13755
10748
534
7509
1600
265
3164
7406
7723
2932
998
3922
2010
10124
13906
11594
7899
61
11452
14180
5038
12725
1656
5520
6887
2877
18015
13726
5720
17519
3108
1311
17672
1105
1943
11401
14455
15291
6579
8780
9572
11849
2074
11300
10395
2218
2996
8167
14702
16276
17737
15089
8232
15481
3255
18364
14225
15654
3002
2988
5925
11063
10985
8997
14409
2647
253
13227
8718
2921
3184
13416
15973
17591
17786
13106
8874
5472
12949
16839
5300
2565
5684
9992
2669
18421
3741
8507
16428
15082
17719
17184
2567
2189
16314
2262
460
15034
14307
6047
3938
9362
16003
10091
10600
3755
6838
969
10365
17803
4128
7331
2219
18402
461
2311
9202
15076
16475
11169
9690
15719
8317
3640
14287
11010
17801
1489
10623
12190
10273
274
672
6020
8679
487
7459
13186
9727
6208
14324
16455
6673
17549
3576
10879
16378
13287
11523
16173
11363
2940
16474
11194
11984
17098
15241
16786
9706
1331
16600
14270
16221
2063
3131
10141
8790
81
348
3076
3712
15123
4002
16212
8843
10774
15858
1250
467
15891
613
8996
3067
6728
12827
14754
13072
17583
13988
2852
16069
15645
4149
4035
16774
12466
16517
5965
6899
837
1255
10066
2703
14123
13737
18040
10752
7254
9280
2705
12310
11217
9608
17859
12359
15478
4505
13040
12023
3997
16144
6158
10792
8295
17285
8491
7303
11996
3124
4535
13996
10936
15759
9811
17870
8648
10152
10268
1817
7439
1173
16052
1950
8722
822
10669
5455
227
9252
314
7813
4597
13293
16971
10217
10186
7974
18623
14872
3575
550
12723
9928
5649
10117
13750
18587
2317
1080
514
7265
3769
5019
3366
1592
15582
16890
10509
2263
588
10142
10171
17436
6880
16683
6570
11070
8373
12608
17846
13263
9092
3143
16376
6406
4280
9798
2185
10828
11261
4234
17680
6307
11335
6689
16255
4653
15668
11810
9498
10653
17125
12410
15001
11079
2544
9106
12118
1479
18678
12332
14715
9601
774
1448
12909
10347
14632
18417
7664
5622
6379
18683
9801
12555
7649
11735
2610
9311
7198
6843
11249
12552
18288
4100
8831
12969
9901
15995
607
17654
10346
16394
9686
5186
7803
2724
10077
6253
1348
6171
5918
16122
13123
9500
605
3190
2607
5307
6821
9908
14027
6516
4450
14
7147
6094
4081
7398
6495
11859
8348
14269
279
7477
5334
8500
1325
4259
3303
17924
10690
12022
17044
15271
3821
17070
1565
4707
13362
3591
16253
7999
12572
1475
11140
15812
653
16431
11765
12920
12314
6324
10312
8451
6617
4705
1987
2213
8128
17928
11718
1855
13281
3710
3702
15624
16050
14582
13141
8932
12352
11556
17443
11892
15600
3742
15935
17739
3389
11210
14049
6229
17618
4044
8820
3820
15734
17257
12306
1655
6004
11238
5675
11274
16109
14057
3434
14888
17178
18115
3265
11981
8200
8030
13536
9951
15416
14791
15005
491
15947
3126
1203
7830
3657
2182
8746
2585
13465
14593
9390
6199
3227
12062
3411
14527
4749
4205
10979
4439
18369
10061
9423
5534
15352
14122
18020
13541
4872
8411
17222
4748
1446
16948
15433
2448
6925
3918
321
4134
16621
15765
12670
15205
14459
249
17963
10485
5773
8436
12925
7435
13981
6200
11921
3376
3864
17881
10384
14753
13566
10325
11132
10964
14681
5924
8337
9643
5578
