8365
2383
8341
18316
14534
11356
9904
608
8443
12119
12258
15992
563
16968
11376
10338
16729
14741
8396
3988
18480
11073
12487
1857
14593
17504
443
6459
2475
6013
6355
3154
2643
7844
15239
3649
10831
16096
4672
12497
3746
9464
16679
14008
14910
10250
14043
2519
12709
15345
14591
17859
1444
3641
18183
6842
10751
18132
14735
18200
675
8011
13276
5378
5138
1579
7780
460
15274
3626
10841
15425
10345
17269
1035
3353
16199
2248
9314
10965
11083
12609
4466
16444
16758
11772
804
9363
7283
1004
10904
11674
4934
4211
5767
892
16908
11752
6742
12319
949
8000
13470
9850
8101
8083
13977
2503
17842
4057
5216
16994
9139
12471
961
12500
5281
9689
2631
14713
8586
2573
699
2763
8159
16094
9133
13224
8112
17195
3351
10477
2175
5286
4694
438
1034
5665
16841
13762
12821
14896
663
1997
7562
11599
13541
6367
18628
7138
14118
15008
14341
1848
8961
1122
15293
10916
9895
7513
12640
14245
12426
1408
12722
14468
16866
3925
15084
9393
9078
9924
4364
16928
3106
878
3020
7264
16500
12704
3352
12021
17653
8899
10518
17271
9096
6886
6220
2275
822
6101
6499
6991
1966
18051
8430
3276
1002
3429
6625
8117
13236
916
7208
3043
6484
10214
8927
5322
6647
12636
2050
17110
3002
2212
11594
12946
13632
8030
9490
6965
8327
18515
7604
2001
2991
14523
14155
10128
3508
8747
4250
5000
16427
15156
7521
14264
5759
17419
4791
17649
1364
2660
7691
301
6245
2715
13748
4651
2008
11807
13272
8658
11798
5078
3495
4642
2281
560
9228
10355
16502
18233
13258
17815
17546
2159
13721
8114
14786
199
172
7958
17806
15643
5515
12257
17973
17563
16367
2872
14239
8478
4919
8403
13254
11114
8380
8172
12922
16788
1762
7878
1407
10903
12081
11216
10384
6933
14219
11117
4834
4451
381
17666
5048
5244
8007
13703
10357
13215
11540
6285
15793
4965
12370
12391
4455
11189
4819
9178
4425
12795
15648
11690
1694
17440
5238
13707
4418
17534
4232
12038
12540
2228
16799
18550
14706
17540
11148
9888
7447
12763
7591
18239
4952
18632
11018
3592
7590
10825
6779
8195
16163
9696
11156
17078
69
15994
17554
13872
503
14397
15188
11789
11143
11167
13283
9438
11032
3231
8473
7155
3327
16754
1242
1389
2972
4680
3008
3892
3209
12006
170
4636
16346
4032
5784
13884
14584
14517
1584
5564
9991
7950
2377
16360
6141
12664
3067
7765
9996
6728
11848
17222
15969
2585
2026
14366
15694
6710
16133
1792
6337
18572
6081
5649
14031
664
16164
11246
16453
7396
5869
2644
14498
13954
6151
1431
14542
5115
7877
4547
5191
17536
12337
5837
17826
18627
16316
11638
1927
9324
8911
11160
16451
15026
17302
15751
10505
7070
15524
2355
3435
4903
15083
763
11733
12415
16357
10432
1693
10434
7472
9819
7140
16484
468
16313
16020
294
17558
9118
9222
17903
5231
6706
1557
4587
5492
11173
8978
1556
13432
8981
17153
9822
3452
3432
6385
17367
9296
12377
11933
11526
17989
13850
6809
5596
6183
2987
4611
16651
12464
8998
6340
601
4973
5086
11949
6919
4743
11137
11628
13320
8272
955
2765
13830
13183
10062
16243
6523
18223
4147
15890
15822
4731
14444
13284
10161
2548
12662
16057
4786
1916
8300
4762
3415
16095
11606
16886
11844
17638
16452
15452
5565
9669
7569
16641
2842
2409
4830
2461
1835
10739
4018
11974
8367
11576
8827
8850
10842
17060
18145
16048
12642
15873
17371
15068
2252
9053
18463
11308
16364
4233
274
5408
13963
12502
10017
11617
205
12745
2168
18531
2502
264
4310
9774
16019
5299
2145
16476
8437
7442
14755
5442
4609
2690
10692
13420
14285
12411
8500
9073
7507
15541
6097
7048
5607
5755
8689
11313
13947
2533
10900
9381
12
12943
11665
9309
8484
17400
238
5497
18117
14186
1212
15477
4736
7434
8014
17633
10461
12197
17500
16329
1372
15378
11901
1368
1506
16194
9711
2946
1581
5857
6307
646
8764
8371
2489
8783
18084
17253
1189
18116
3485
4803
3255
7380
15062
5961
5757
12482
8551
14390
16345
10447
15404
7960
16470
5875
10148
315
7002
6501
9032
3376
9145
15778
17172
13937
1299
9370
277
8937
2885
1793
18540
14861
8199
7059
12692
7739
4663
7480
11535
11592
1429
17599
13070
106
12438
5473
9239
10028
982
9871
14344
14820
2129
9786
18318
18056
1207
8704
18344
2139
9169
9112
12724
4142
18542
6122
10548
2725
18460
6757
3433
2354
8723
14625
10947
857
14286
11243
2807
9308
2079
3972
11686
9256
14115
14271
923
3431
2481
3946
6756
4234
2856
13110
10525
4043
9762
5868
1648
16380
5982
2023
13788
18605
5754
17085
15092
13889
5615
8780
18719
18098
7198
12412
18309
3428
2173
3444
12127
11760
423
15584
6009
121
13645
12024
5259
18185
6406
11110
2953
11191
7577
11607
18076
4645
17029
17205
8749
7689
10239
10788
4235
15559
4884
6416
5571
12686
8026
13936
2034
485
7835
13839
6129
4958
2360
2783
5663
14308
9263
11436
826
10750
6344
63
11445
3614
1202
1875
16310
15500
9641
15982
9035
5406
15777
14905
4812
14443
3840
2784
10310
18708
6073
10889
2835
11465
14561
13054
3302
8246
17026
13142
5621
4231
11456
2293
16606
11676
2934
478
17919
5156
10756
12927
6894
13308
3475
8935
13409
1730
47
14724
10097
13845
1604
10737
7415
4603
9406
12313
11505
12434
12394
8898
3323
15424
2513
10410
3681
1050
8313
17726
16248
16483
5694
8044
3793
13679
998
2901
17074
14895
12481
12216
17811
2701
16445
13207
8066
17493
7089
15102
9427
8085
17151
2359
18624
3389
18035
11566
9989
14385
17413
9262
2589
17908
1288
15958
10852
17529
2260
4513
18530
2134
13717
8337
7013
3377
8302
11232
1501
690
1367
6853
7109
9773
4802
7722
17648
17985
14150
11366
13584
18143
12998
16147
17170
17182
7188
17482
1828
1404
3434
16737
9081
18469
18465
9943
11664
7693
15795
10208
2620
306
9242
17910
4618
5250
13388
9315
599
18618
3251
13689
2727
452
313
6714
10920
5134
12160
15656
4243
2810
12698
1907
18553
