14121
12547
16294
4471
4059
18182
12356
5715
13962
1116
1143
5140
8
69
398
49
15344
14533
12740
12842
16837
2069
1708
5568
2049
13043
9630
2465
7458
39
528
10292
7450
13919
15672
5002
11106
12632
7157
12542
6025
1015
12508
7275
13080
7336
16556
9618
10152
6615
11726
13292
9654
10506
3497
15088
16924
2406
11438
17609
9761
5247
15813
16846
10281
9342
9399
1261
11139
14988
14000
10158
415
860
3885
14068
12949
12052
515
10418
5104
5626
3256
16451
16913
17643
5694
1237
11490
1711
454
10721
5151
5661
7755
10677
5681
10245
5567
604
14705
15161
11072
13661
1216
3422
17682
1102
13652
1239
13755
5023
466
504
13853
12166
2396
6553
12649
11494
12901
7506
14650
5943
1572
12145
8759
8423
10676
12961
265
6775
14682
3154
18111
8770
4788
8269
18462
5610
6631
13498
5048
15587
2706
7711
13859
1774
124
1318
4856
4308
15254
4615
15001
14281
18032
18536
14348
17780
15669
3640
6137
7133
18033
10200
16590
15958
15962
18430
17193
1632
4698
2103
12759
15303
12755
13654
1332
4544
4849
10773
4593
4513
1867
2749
18687
10166
9876
8920
15524
9658
7195
5419
7728
5686
13128
14082
7269
6265
13818
7182
7535
2365
2112
11729
7994
7248
15801
14033
4520
8667
7777
9540
5737
13547
11673
7354
6278
6398
16421
2687
7411
2164
5864
7451
724
16840
6924
7644
9444
10153
18605
13069
2584
337
11055
7979
5016
4723
13022
18228
12238
97
13178
433
6546
9928
12502
5793
2753
2045
7647
1280
9478
8615
9078
17143
15668
9206
12992
10981
12382
12095
14955
3934
4878
1302
12138
8659
8449
12805
12457
4958
5415
16387
7999
7849
9938
372
6484
13021
4156
10357
15954
14441
14149
17852
13018
2270
10756
17013
18296
9372
1698
7478
7544
13171
15338
4277
8629
5558
17202
12960
10722
7539
1408
15287
18458
16729
15918
16192
15222
18561
17268
11207
9889
3979
13480
8035
11242
1725
17080
14298
8632
6058
7910
4640
14805
2181
10863
8846
1366
17742
5494
3535
4912
8935
2507
4978
13414
9912
7694
14641
11851
12841
13145
2792
18572
13698
16851
7966
6327
706
4108
7901
15611
4956
3921
6080
3405
5578
14703
8854
8642
14020
12900
16573
618
1832
8686
15368
13928
18211
7641
3418
11455
7423
8767
8028
15403
15104
14038
6203
3589
15584
8102
12059
12423
14985
4842
6653
11368
3888
9800
5769
3492
13550
13322
14291
9957
6438
12151
7034
2554
1779
7440
18739
6880
5964
11045
9506
9953
11449
7099
5672
15293
101
15690
8875
16753
3317
15316
14646
10010
15018
18294
6926
723
1316
13916
13225
6935
2713
18693
14374
9772
13881
3937
17732
16277
2621
11687
4535
11369
17333
15324
16351
5897
12152
15706
70
5453
2146
1480
15376
15912
12630
14328
4373
5913
5832
11170
17232
11426
17050
4210
11552
15874
6527
3594
10308
9362
7379
7224
16210
6380
7179
3531
12478
3591
15774
3127
15097
10904
3810
2829
14669
6360
14745
7581
12062
6220
4578
18432
15784
1598
2417
11805
3137
12350
6405
14738
2455
419
2737
15473
11402
7365
16220
6166
10012
689
9258
14999
14397
3897
7681
14410
10753
13057
983
13135
1193
11961
14979
6657
11261
15423
18744
7237
17190
14250
2942
1054
702
5523
16794
10592
4418
5267
11086
17580
1195
5576
17269
14730
12895
15616
1721
11858
11674
12792
5007
13530
8465
7981
10600
1557
1447
4625
14888
6055
12519
3504
16994
5702
5642
6862
15835
10860
15776
3857
14619
17139
2552
4773
9561
17566
4465
471
14335
15074
11898
799
9481
10948
12319
17678
150
6783
15872
2907
14557
7281
7141
13124
11781
13851
18167
3166
18236
4722
10343
16477
16221
18623
10603
16661
17980
15195
17482
11189
11966
14262
6287
13457
5749
6305
2083
2102
3039
5837
3494
6946
9804
15997
501
7217
2290
9609
10261
5133
16115
5583
8753
16595
9201
10122
5589
11996
14053
9004
537
5659
15624
4650
9133
18512
5763
10203
16129
8934
2839
1311
13892
4166
8087
1228
9282
14798
9326
15803
11784
11545
9033
625
405
3655
14383
11039
4892
17459
10235
6751
11511
5175
16591
14854
488
18045
11913
4724
9120
7153
15054
12848
12242
6341
835
16324
7837
18004
428
1576
7760
15151
13939
15913
7319
1071
6496
17313
4049
162
3012
4379
11162
7064
9608
17218
12780
7410
13860
10569
270
15826
4907
2340
768
5391
6402
17770
4395
9682
1133
8988
16670
13602
7008
14801
17740
8486
3001
396
18562
160
10817
9492
17895
16762
11496
13328
3765
211
6652
4172
17155
8453
8000
11622
16291
1955
8679
2013
13616
1223
6694
4336
5377
12104
1912
8635
4608
13358
3853
17304
17076
1036
6559
8739
10611
14698
5129
8100
6199
4923
3850
8216
15003
6241
15696
984
8714
5925
6345
17323
13013
4224
16679
9219
15788
4470
16646
12009
3421
14885
7789
5284
17664
1296
14580
7976
3573
10691
16538
13304
8182
17042
17200
947
2770
14809
3161
11406
4951
17698
1295
9413
14754
5248
1991
10416
2817
779
14407
17178
4697
1402
3055
268
14049
12563
13289
12406
10084
13316
1748
11725
9573
5816
18079
4259
12384
18364
5343
5282
14879
14998
2774
12404
10929
14457
1697
15166
9229
15066
5266
7173
15348
11642
18722
16057
1694
9835
7088
15529
7689
3428
13050
6748
12891
17220
5965
3814
10927
7576
623
3097
8118
17215
14696
12982
3339
9552
7102
17486
7406
10300
5688
1246
6377
1558
6337
6347
17283
9852
4517
11443
17924
6866
17752
609
14787
15150
16582
7570
11992
15929
15325
15683
15695
11484
2348
7929
7522
8814
12586
400
11105
9410
14166
14744
5917
15028
11434
8352
4633
7116
15144
4466
2025
16147
13837
17968
1043
3408
6332
16049
16077
7698
17289
10267
12436
15768
5114
13453
8528
8493
5903
16269
12753
7164
14035
9706
7729
2858
12726
17388
18161
3666
12691
13142
3677
12570
11840
9389
13088
8651
15559
1673
4937
18556
7294
11040
747
8842
1058
5015
17812
8974
2767
3936
56
3947
17047
6350
11722
828
2563
28
13658
13935
13623
639
2993
9874
3242
8217
15646
