1072
7519
11303
831
2803
5133
9583
11758
5663
14285
4734
13873
2942
15673
730
432
13204
8542
12726
4695
6800
2967
4375
804
9510
3789
15929
16662
5232
6497
1686
5484
11428
11098
5800
10798
13153
8229
10568
9778
165
11793
5176
8048
15901
10693
3467
14745
17183
18255
9297
18427
16044
8622
8526
14420
14338
9192
18726
13271
18149
973
17825
12996
8832
7582
11557
12081
6827
6044
645
11351
8744
17913
7664
8471
8458
9170
12924
1464
5377
5856
14604
16627
1218
2245
8782
15641
13361
15361
16471
5462
7123
7175
12764
5345
1019
5680
10122
14858
14415
18127
6755
12300
5142
4395
6810
1115
986
6804
6337
2081
11684
18320
3298
17350
16738
8588
14729
305
2722
5227
6584
3350
11364
14978
6949
7415
17043
14647
2052
17966
6482
9854
1875
7065
3955
2287
15946
14235
15123
17995
4242
5388
2056
18572
16220
12643
15888
1612
17986
13308
14842
4237
18069
14064
16988
17818
1698
1004
4924
2993
7527
16425
5760
3822
2912
6654
2920
15049
5483
16840
366
9253
5743
10898
15464
7678
12653
14122
12407
16298
2768
17236
16168
18526
11578
810
670
4128
5917
5634
8858
17760
4319
10470
17478
1958
16674
8540
17415
1701
17381
2264
2317
5705
16369
11384
9730
1493
784
2129
3577
6694
13062
13162
17543
4172
1018
434
16478
9949
12281
14042
4035
4893
11933
6257
17850
5440
16781
4190
15484
5993
13057
12872
10965
17902
17491
9138
3331
3566
10484
10710
11545
18099
10412
55
1034
1946
10414
5219
2277
1129
18000
5240
2974
8693
3685
4315
9686
13512
17622
14096
4633
10339
1719
8094
15382
7336
6788
3624
15842
288
11248
7916
11234
13899
3771
12541
14938
3167
10196
15364
2132
9415
16802
14620
8991
16817
16451
13940
6472
2060
1641
9519
1143
17480
14311
14335
5186
493
3451
1804
12301
17512
13551
8572
106
20
2673
4082
13118
15964
928
6778
10807
17165
2812
2860
11083
5322
3638
16052
18569
18703
2186
9031
17386
3413
9176
521
613
1368
13605
5464
10371
3381
16671
2865
16791
5998
5183
388
8126
12648
9694
2360
14632
13657
14240
1189
7088
7507
12342
13026
12294
16238
314
14953
5352
7886
11129
7939
2195
12550
14991
17352
10802
151
13606
6081
50
11147
8288
12374
2800
16992
4368
15336
6386
5784
1178
9578
9220
15716
14219
16172
16303
791
1064
5774
17433
18215
11211
9560
4836
1747
5681
17786
16691
5973
17616
14915
12608
10571
1811
14769
10652
14653
8977
17008
18661
6521
4918
547
15864
14086
4169
16758
2510
6237
11685
18671
4424
152
6703
10034
16196
16886
12555
9660
18285
11923
14631
16355
2188
3661
7509
9371
17680
4599
3444
10303
12197
13724
13999
4541
4708
3678
511
4247
11703
17756
12305
13168
18386
1567
13177
2644
11721
16340
15335
4156
2969
16771
13115
11502
17901
12879
16120
12355
15151
6933
6784
5217
6211
13794
10378
17063
14246
8302
5770
14060
8419
14317
8820
17403
6600
1499
10426
10025
13183
6668
15637
6404
11302
16675
5664
4115
15384
16208
8634
5855
10129
13592
15053
2355
15905
16659
6202
17146
8865
10458
16165
9246
18161
14408
12936
3364
5892
1711
13418
12929
6835
13786
2695
7158
405
4572
17882
5495
5526
8690
12579
15658
3163
18501
17014
12942
16709
11406
13353
7829
7786
11565
6031
4308
9346
5400
8148
12022
4914
13722
6809
29
6222
11594
6727
12620
2935
6214
8902
660
8709
4217
10419
1371
16479
17452
8692
16020
10675
272
17084
3230
7383
11254
17388
17342
11264
8396
3302
387
1893
12531
12312
1260
3074
14477
10733
17374
9200
11537
3305
15073
13807
9531
5473
14443
7473
5762
15349
5246
17668
12798
7247
12667
6196
490
1158
5157
11626
4316
304
861
10857
5817
8672
11093
13185
9508
4726
2265
9491
11814
13979
8256
17278
1448
5835
15573
7380
2663
16389
10457
13400
14846
14972
18134
1188
1455
11438
7957
16134
9334
17321
5347
2933
7745
10359
16212
14169
6615
1239
13912
1726
18119
6235
13181
10905
4413
12295
17047
14344
5844
15496
18009
6140
15436
3284
12930
11665
14306
15937
16884
3263
18665
11152
2070
8678
14221
3053
3941
18494
18585
1244
11611
11368
11407
4341
3142
16110
8315
9023
15389
15318
4900
16326
9655
15358
11033
15556
12146
1092
8405
9453
9973
13752
4250
716
10584
13659
8659
7701
7086
395
5676
11004
1284
16124
8639
12458
7666
16553
16739
17005
15381
13933
9713
11191
1277
11175
1932
10811
23
9897
3569
10428
17598
14111
5166
10673
1528
17333
11315
13170
10806
4816
15377
1088
7183
1111
10835
11020
15672
4559
18467
5351
18120
6801
7263
11761
8344
4463
13904
522
2814
5570
8489
3591
4097
3679
12718
16175
17807
3231
10538
3669
15447
15228
12741
13241
3892
2131
2253
12263
3919
15124
16488
15782
17384
2109
16561
17061
12048
7045
11712
9606
882
12466
13035
4962
16604
4229
13051
6352
15985
11441
13830
12805
5961
11771
15706
13477
3733
10721
705
9847
17649
2688
5518
15732
16556
3914
4950
9697
1104
3488
12576
5358
9025
1953
5321
11763
13886
10840
7768
17170
5152
12357
1573
9929
3118
13323
7218
15925
16606
18478
18565
4348
7997
8360
2357
16135
13496
3740
11434
11473
5896
56
9836
17391
1847
12293
9039
1618
16926
4593
16177
4300
1507
13890
2836
15344
8827
4805
465
12742
17051
14611
9600
10304
14018
12931
6579
12808
10592
7269
2271
7397
2820
393
13878
11597
236
1883
17793
3082
1363
947
2102
10612
11236
17040
12991
1461
13449
2844
7353
8915
5366
13203
8428
16015
4208
10276
12069
8220
6166
11895
17515
16288
2505
11005
16644
2934
12013
4716
3362
11250
9815
13570
9665
12181
5908
8492
8178
17513
5799
15728
14533
10502
2110
5446
3529
8578
7689
9378
8658
12997
1583
17631
3672
7969
14810
5907
273
16294
6391
16328
3603
12006
7396
4141
15414
7379
8145
18608
13825
9264
17190
7951
16297
10481
18511
6181
9828
16307
10953
1710
12511
8870
14003
10384
4374
7260
466
1731
6461
15698
1563
8648
1030
5843
4839
1671
17909
14032
13780
