8516
3663
2559
3453
1238
2123
16438
2742
13525
16366
2747
17882
1600
1852
7253
5833
2656
15776
8515
10713
4857
6133
1493
7668
17841
8307
11079
2962
6381
4850
16821
4778
2225
13033
12145
12311
3237
3454
5146
16455
12392
16707
17077
6267
10182
453
12308
18528
4072
6048
16085
9416
13518
11304
18232
9119
13295
4362
11631
4378
8390
5196
15999
13927
18325
16633
8995
12548
393
3085
1541
1788
11078
18138
3532
10167
7462
5710
12764
14529
17372
5817
8790
16941
245
3575
15131
11267
10187
4717
6797
16218
6132
8261
963
6577
116
14548
11184
11573
1848
17650
7654
14793
13325
5884
8848
9022
975
14565
18472
17445
10105
6288
8489
12256
13674
13653
9824
9132
3960
16122
5591
6923
4312
10531
2852
12652
15179
3481
4599
17297
2483
15290
7427
12885
6317
2561
3146
12572
4159
8674
4337
18112
5846
10603
5692
10926
4158
18341
8756
16002
10020
18694
3558
11843
6693
1259
15943
18363
11012
15402
6431
13113
6531
9174
2635
10817
11816
2933
8139
5854
5192
7724
3256
7445
306
14735
15977
17986
12598
8987
11787
3190
1735
14393
416
3286
15738
10428
9028
8938
952
2750
18111
8230
6858
1626
16998
17912
7858
11575
10356
9003
2397
181
14787
15175
13125
12236
5420
9307
12516
13652
808
13967
2691
13723
872
6053
5953
5220
12307
34
6375
9155
14045
7487
8365
3042
8263
11308
14875
1000
16921
16479
18660
3965
14300
1591
16163
15976
2414
17508
4705
11041
6194
15365
6967
646
1857
14405
93
16896
15732
3990
14253
12808
14298
7400
2735
5283
15615
848
4574
11542
12043
12386
15775
18018
13783
6746
9826
16180
6389
6337
1644
4989
8124
9904
17598
5304
2853
246
14471
15906
521
12775
18188
16140
14145
12729
17800
17361
6674
4340
8343
2894
3572
14968
7608
5769
14939
2866
38
18408
944
15539
6585
12294
4413
13358
3639
10390
17584
14608
8040
2558
8487
6394
18084
13301
312
518
17500
10968
15813
11109
13449
2898
13298
12163
6593
16847
16225
1418
8030
4680
17038
6839
6875
16004
4370
17306
2966
15589
14169
15281
5225
12581
17618
6735
3683
18647
4085
13128
12807
16957
11127
3105
16533
11935
18512
10494
16725
17212
14143
11876
18171
5003
14772
13379
50
8855
2271
7370
14003
649
12143
6690
15088
1500
5050
4047
2897
2360
13734
5275
12563
16519
11402
18159
2114
2573
153
13234
3624
12641
15857
7222
10739
6385
4655
7875
15386
1111
5978
8903
13489
12164
3403
13085
2890
10709
11918
12341
5589
15422
6882
4551
9269
4848
542
16167
1946
9605
3446
16066
9949
3182
2921
15884
13898
11769
5100
4863
17129
10194
15926
6076
7079
16544
12995
4433
4977
3753
1778
1466
9591
7753
13568
7767
1539
18739
12063
12785
7310
15303
2626
18375
766
4302
5818
1808
12485
7714
6120
2212
4913
9562
9331
12001
4165
13242
17487
18069
2909
11221
11337
9445
9571
15853
9025
14670
17700
9738
13691
15464
9585
17889
11306
14937
14309
2708
10049
7418
13686
2995
10184
16665
3127
12708
8322
5182
820
15624
5584
9244
15496
3002
7170
5976
8260
16206
1291
2842
3324
10890
14355
11567
1558
13320
3289
14436
13745
14113
9872
9665
5696
14570
4666
7242
14360
1714
4139
14421
13593
12066
2911
9526
6129
12518
18268
6264
7034
14838
10672
7160
18204
16480
7749
7862
16737
13203
6819
15035
16344
17813
17021
5188
13772
16718
3013
4174
13953
14790
18347
8227
12369
9895
16073
6147
18126
10255
12539
9156
310
15698
12513
1630
8012
5300
5361
16647
606
4949
18620
2387
13145
12985
17876
4450
4637
9599
1498
4253
7486
7431
2068
11317
12068
1104
8440
5245
16080
9791
1479
13582
11860
17716
9464
1477
9736
6471
4533
3661
7471
3611
18039
1425
9756
3354
9877
10080
11118
14004
8270
14618
4719
16437
1030
18253
3414
6188
5871
4652
10570
11382
3514
4554
658
9497
10060
4239
15376
5216
3319
6623
17227
18635
9072
12109
1283
17737
13484
7219
1821
16758
2362
1755
7601
18685
14465
18444
13826
18581
3132
6856
235
1021
6040
319
15481
6896
7624
14680
5260
3570
14348
5175
12777
18527
17870
10251
1597
7790
18640
18727
17589
9890
16079
7814
3641
14931
5942
2920
15247
5403
2762
13373
13751
8200
6809
10922
3945
13851
8766
792
11941
8538
5492
4233
15537
133
14101
1122
13755
9014
5248
2323
12355
4040
11070
16715
13565
18300
7687
12416
233
674
8654
9103
11686
18139
7452
6853
12555
1511
17751
9730
16104
10659
15650
4200
14001
18648
5713
11001
1958
15614
18134
15809
6993
7121
8470
11107
17281
15974
17819
8173
17418
8544
16944
15317
14087
1029
5455
15855
16836
5370
18419
10021
15594
11303
5170
15440
8718
5906
2244
10970
8842
3144
8856
4640
13202
15138
1650
3299
15486
16990
4194
3261
12149
18307
8447
1499
15062
382
4284
15527
7148
172
18220
11896
1800
13840
4869
12897
18448
17168
11416
10343
7853
380
221
16159
11835
9379
8153
15326
17203
7889
3466
431
15573
12536
5199
2065
3153
7848
16537
716
10168
16751
7807
936
9901
10163
2181
12399
8750
16931
4477
8642
8614
2048
3669
15155
4520
787
9946
4878
8631
9666
3586
14302
6988
983
15488
12593
15148
16199
11527
11348
17414
12443
2612
15584
1744
13800
8527
9437
12433
6670
13091
2320
6932
17149
17929
200
12949
2137
6257
13269
2900
9356
2605
9875
11880
548
623
12989
17099
1251
15516
13168
3234
8711
16887
3587
12579
17174
8131
18726
17278
2596
17658
3496
13230
277
14919
5869
7207
7133
320
8566
656
3882
12175
8941
18634
18227
13925
15316
10366
18398
3970
11420
3523
8389
10448
3596
13498
666
10690
17064
15674
1772
14244
4746
5957
18399
8286
12029
4355
17307
5930
14160
13527
4226
10420
18493
5856
9166
3188
12814
17826
7671
14290
6785
4530
13849
18193
7096
1209
6238
15058
8692
2288
10748
9171
10380
1694
18176
14662
5227
7873
964
14163
17128
5156
13670
9460
10767
17985
8702
8687
16521
14547
15703
8655
13443
17911
5357
3548
8486
5154
9551
11232
8143
